0	4.83602497632019e-05	0.000330990529810793	0.478508682921529
0.0500000000000000	4.84044121018268e-05	0.000328295941202143	0.478506961837411
0.100000000000000	4.84520802657435e-05	0.000325601495286231	0.478505254723132
0.150000000000000	4.86300080859267e-05	0.000322912351148275	0.478503577411175
0.200000000000000	4.88149248474576e-05	0.000320223835615925	0.478501915000379
0.250000000000000	4.91261849114243e-05	0.000317546683765761	0.478500285185874
0.300000000000000	4.94478687974204e-05	0.000314870987358303	0.478498672135174
0.350000000000000	4.98917032157220e-05	0.000312212346412919	0.478497096337378
0.400000000000000	5.03493227686839e-05	0.000309556324711713	0.478495535440743
0.450000000000000	5.09246508455884e-05	0.000306922668215756	0.478494015522301
0.500000000000000	5.15170267655194e-05	0.000304293126120379	0.478492511436343
0.550000000000000	5.22224476304058e-05	0.000301690866783674	0.478491050191224
0.600000000000000	5.29480558046612e-05	0.000299094541120273	0.478489608503878
0.650000000000000	5.37818518230097e-05	0.000296530015203468	0.478488210588694
0.700000000000000	5.46388272363806e-05	0.000293973557507625	0.478486834093928
0.750000000000000	5.55989681920538e-05	0.000291453009393983	0.478485503233969
0.800000000000000	5.65851097070784e-05	0.000288942968911995	0.478484193794429
0.850000000000000	5.76692577457096e-05	0.000286472535902899	0.478482931852341
0.900000000000000	5.87820337409918e-05	0.000284015342854822	0.478481695987284
0.950000000000000	5.99875490624440e-05	0.000281601040226013	0.478480508551002
1	6.12241039145702e-05	0.000279202989373147	0.478479345329106
1.05000000000000	6.25480512006051e-05	0.000276850695728084	0.478478234261274
1.10000000000000	6.39052125931044e-05	0.000274517930286790	0.478477149270475
1.15000000000000	6.53443681546106e-05	0.000272233373242796	0.478476115502417
1.20000000000000	6.68186551952937e-05	0.000269971869185674	0.478475112468004
1.25000000000000	6.83695148216716e-05	0.000267760611427718	0.478474159725010
1.30000000000000	6.99571469476282e-05	0.000265576162212165	0.478473239578307
1.35000000000000	7.16159344392184e-05	0.000263443587948237	0.478472370654345
1.40000000000000	7.33128410867433e-05	0.000261341789711327	0.478471536189318
1.45000000000000	7.50755174495231e-05	0.000259293091562393	0.478470751084387
1.50000000000000	7.68773484642960e-05	0.000257279328819838	0.478470005095005
1.55000000000000	7.87396217444561e-05	0.000255319495176285	0.478469310328364
1.60000000000000	8.06417585054112e-05	0.000253398927061920	0.478468652814627
1.65000000000000	8.25990942398661e-05	0.000251532729937290	0.478468046523631
1.70000000000000	8.45966614683722e-05	0.000249710277018196	0.478467481210828
1.75000000000000	8.66442937257582e-05	0.000247942260429772	0.478466965258122
1.80000000000000	8.87321719499838e-05	0.000246222592130638	0.478466491214931
1.85000000000000	9.08651149352607e-05	0.000244557061035185	0.478466067463160
1.90000000000000	9.30379535779292e-05	0.000242944583703987	0.478465689346194
1.95000000000000	9.52510137723297e-05	0.000241385593515579	0.478465358726680
2	9.75032448284813e-05	0.000239884439161006	0.478465074673295
2.05000000000000	9.97910336352487e-05	0.000238435785876469	0.478464837186039
2.10000000000000	0.000102116885905124	0.000237049801605818	0.478464650921524
2.15000000000000	0.000104473832770247	0.000235715012561827	0.478464508429170
2.20000000000000	0.000106867346610992	0.000234447750746310	0.478464417159557
2.25000000000000	0.000109287712586987	0.000233230076030655	0.478464367799461
2.30000000000000	0.000111742755145559	0.000232084785223195	0.478464375250042
2.35000000000000	0.000114220646865276	0.000230987189761115	0.478464420884848
2.40000000000000	0.000116730927753697	0.000229966806389805	0.478464524261653
2.45000000000000	0.000119260311780127	0.000228991962724667	0.478464664891362
2.50000000000000	0.000121819399153116	0.000228099103583082	0.478464864194393
2.55000000000000	0.000124394116670245	0.000227249385368990	0.478465098887682
2.60000000000000	0.000126995453664228	0.000226486340922501	0.478465393185616
2.65000000000000	0.000129609235473190	0.000225763817144667	0.478465723805130
2.70000000000000	0.000132246156964757	0.000225132545669869	0.478466114960611
2.75000000000000	0.000134892638748750	0.000224538975606822	0.478466536849737
2.80000000000000	0.000137558388389833	0.000224041098179001	0.478467020206153
2.85000000000000	0.000140231126210643	0.000223577927118910	0.478467535227537
2.90000000000000	0.000142918873696971	0.000223214723460376	0.478468112647533
2.95000000000000	0.000145611359685364	0.000222883079181907	0.478468718007207
3	0.000148314218214148	0.000222655484381783	0.478469386696816
3.05000000000000	0.000151019896415928	0.000222456174408060	0.478470080532134
3.10000000000000	0.000153730940288274	0.000222364776521927	0.478470839560032
3.15000000000000	0.000156443222627428	0.000222298286154291	0.478471622802317
3.20000000000000	0.000159156100025120	0.000222306532380983	0.478472451679409
3.25000000000000	0.000161869112389524	0.000222329186672200	0.478473301976919
3.30000000000000	0.000164582124753927	0.000222351840963417	0.478474166244268
3.35000000000000	0.000167295137118330	0.000222374495254634	0.478475046344101
3.40000000000000	0.000170008149482731	0.000222397149545851	0.478475937619805
3.45000000000000	0.000172721161847132	0.000222419803837068	0.478476845659316
3.50000000000000	0.000175434174211532	0.000222442458128285	0.478477766737342
3.55000000000000	0.000178147186575932	0.000222465112419502	0.478478700853884
3.60000000000000	0.000180860198940330	0.000222487766710719	0.478479651734233
3.65000000000000	0.000183573211304728	0.000222510421001936	0.478480614721775
3.70000000000000	0.000186286223669124	0.000222533075293153	0.478481593541801
3.75000000000000	0.000188999236033520	0.000222555729584370	0.478482585400343
3.80000000000000	0.000191712248397915	0.000222578383875587	0.478483592160046
3.85000000000000	0.000194425261512749	0.000222600948193912	0.478484611958265
3.90000000000000	0.000197138279344025	0.000222622947040956	0.478485648520291
3.95000000000000	0.000199851297175299	0.000222644945888000	0.478486696258187
4	0.000202564315006573	0.000222666944735045	0.478487758897245
4.05000000000000	0.000205277332837845	0.000222688943582089	0.478488836437464
4.10000000000000	0.000207990350669117	0.000222710942429133	0.478489926084876
4.15000000000000	0.000210703368500387	0.000222732941276178	0.478491033427417
4.20000000000000	0.000213416386331657	0.000222754940123222	0.478492152877152
4.25000000000000	0.000216129404162926	0.000222776938970266	0.478493287228048
4.30000000000000	0.000218842421994194	0.000222798937817311	0.478494434617460
4.35000000000000	0.000221555439825461	0.000222820936664355	0.478495598770678
4.40000000000000	0.000224268457656726	0.000222842935511399	0.478496775031090
4.45000000000000	0.000226981475487991	0.000222864934358444	0.478497965261340
4.50000000000000	0.000229694493319255	0.000222886933205488	0.478499170392752
4.55000000000000	0.000232407511150517	0.000222908932052533	0.478500390425324
4.60000000000000	0.000235120614307639	0.000222910166048168	0.478501615114510
4.65000000000000	0.000237833722533851	0.000222910166432639	0.478502852842212
4.70000000000000	0.000240546830760063	0.000222910166817109	0.478504104539752
4.75000000000000	0.000243259938986273	0.000222910167201579	0.478505371138454
4.80000000000000	0.000245973047212482	0.000222910167586049	0.478506651706994
4.85000000000000	0.000248686155438690	0.000222910167970519	0.478507947176695
4.90000000000000	0.000251399263664896	0.000222910168354989	0.478509256616235
4.95000000000000	0.000254112371891102	0.000222910168739459	0.478510580025613
5	0.000256825480117306	0.000222910169123929	0.478511917404830
5.05000000000000	0.000259538588343510	0.000222910169508399	0.478513268753886
5.10000000000000	0.000262251696569712	0.000222910169892869	0.478514635004103
5.15000000000000	0.000264964804795913	0.000222910170277339	0.478516016155481
5.20000000000000	0.000267677913022113	0.000222910170661809	0.478517410345376
5.25000000000000	0.000270391021248311	0.000222910171046279	0.478518818505108
5.30000000000000	0.000273104129474508	0.000222910171430749	0.478520241566002
5.35000000000000	0.000275817237700705	0.000222910171815219	0.478521679528058
5.40000000000000	0.000278530345926899	0.000222910172199689	0.478523130528629
5.45000000000000	0.000281243454153093	0.000222910172584159	0.478524594567716
5.50000000000000	0.000283956562379285	0.000222910172968629	0.478526075370610
5.55000000000000	0.000286669670605476	0.000222910173353099	0.478527569212019
5.60000000000000	0.000289382778831666	0.000222910173737569	0.478529077023268
5.65000000000000	0.000292095887057854	0.000222910174122040	0.478530598804355
5.70000000000000	0.000294808995284041	0.000222910174506510	0.478532136417925
5.75000000000000	0.000297522103510227	0.000222910174890980	0.478533687070012
5.80000000000000	0.000300235211736411	0.000222910175275450	0.478535250760615
5.85000000000000	0.000302948319962594	0.000222910175659920	0.478536831215024
5.90000000000000	0.000305661428188776	0.000222910176044390	0.478538424707949
5.95000000000000	0.000308374536414956	0.000222910176428860	0.478540031239390
6	0.000311087644641135	0.000222910176813330	0.478541653603315
6.05000000000000	0.000313800752867313	0.000222910177197800	0.478543289005756
6.10000000000000	0.000316513861093489	0.000222910177582270	0.478544939309359
6.15000000000000	0.000319226969319663	0.000222910177966740	0.478546603582799
6.20000000000000	0.000321940077545836	0.000222910178351210	0.478548282757401
6.25000000000000	0.000324653185772008	0.000222910178735680	0.478549974970520
6.30000000000000	0.000327366293998178	0.000222910179120150	0.478551683016121
6.35000000000000	0.000330079402224347	0.000222910179504620	0.478553403168917
6.40000000000000	0.000332792510450514	0.000222910179889090	0.478555139154196
6.45000000000000	0.000335505618676680	0.000222910180273560	0.478556889109314
6.50000000000000	0.000338218726902844	0.000222910180658030	0.478558652102947
6.55000000000000	0.000340931835129007	0.000222910181042500	0.478560429997742
6.60000000000000	0.000343644943355168	0.000222910181426970	0.478562221862376
6.65000000000000	0.000346358051581328	0.000222910181811440	0.478564028628171
6.70000000000000	0.000349071159807486	0.000222910182195910	0.478565849363804
6.75000000000000	0.000351784268033642	0.000222910182580381	0.478567684069276
6.80000000000000	0.000354497376259797	0.000222910182964851	0.478569533675909
6.85000000000000	0.000357210484485950	0.000222910183349321	0.478571396321058
6.90000000000000	0.000359923592712102	0.000222910183733791	0.478573273867369
6.95000000000000	0.000362636700938252	0.000222910184118261	0.478575166314840
7	0.000365349809164400	0.000222910184502731	0.478577071800828
7.05000000000000	0.000368062917390547	0.000222910184887201	0.478578991256654
7.10000000000000	0.000370776025616692	0.000222910185271671	0.478580925613642
7.15000000000000	0.000373489133842835	0.000222910185656141	0.478582873940468
7.20000000000000	0.000376202242068977	0.000222910186040611	0.478584838099778
7.25000000000000	0.000378915350295117	0.000222910186425081	0.478586813434958
7.30000000000000	0.000381628458521255	0.000222910186809551	0.478588805533946
7.35000000000000	0.000384341566747392	0.000222910187194021	0.478590809740126
7.40000000000000	0.000387054674973526	0.000222910187578491	0.478592829778791
7.45000000000000	0.000389767783199659	0.000222910187962961	0.478594863787293
7.50000000000000	0.000392480891425790	0.000222910188347431	0.478596910834312
7.55000000000000	0.000395193999651920	0.000222910188731901	0.478598973713815
7.60000000000000	0.000397907107878048	0.000222910189116371	0.478601049631834
7.65000000000000	0.000400620216104174	0.000222910189500841	0.478603140451014
7.70000000000000	0.000403333324330298	0.000222910189885311	0.478605246171355
7.75000000000000	0.000406046432556420	0.000222910190269781	0.478607364930213
7.80000000000000	0.000408759540782540	0.000222910190654252	0.478609497658908
7.85000000000000	0.000411472649008659	0.000222910191038722	0.478611645288765
7.90000000000000	0.000414185757234776	0.000222910191423192	0.478613806888461
7.95000000000000	0.000416898865460890	0.000222910191807662	0.478615982457995
8	0.000419611973687003	0.000222910192192132	0.478618172928691
8.05000000000000	0.000422325081913114	0.000222910192576602	0.478620377369225
8.10000000000000	0.000425038190139223	0.000222910192961072	0.478622594848275
8.15000000000000	0.000427751298365331	0.000222910193345542	0.478624827228487
8.20000000000000	0.000430464406591436	0.000222910193730012	0.478627074509859
8.25000000000000	0.000433177514817539	0.000222910194114482	0.478629334829748
8.30000000000000	0.000435890623043640	0.000222910194498952	0.478631610050797
8.35000000000000	0.000438603731269740	0.000222910194883422	0.478633899241686
8.40000000000000	0.000441316839495837	0.000222910195267892	0.478636203333735
8.45000000000000	0.000444029947721932	0.000222910195652362	0.478638520464301
8.50000000000000	0.000446743055948026	0.000222910196036832	0.478640853427351
8.55000000000000	0.000449456164174117	0.000222910196421302	0.478643200360239
8.60000000000000	0.000452169272400206	0.000222910196805772	0.478645559400320
8.65000000000000	0.000454882380626294	0.000222910197190242	0.478647935204208
8.70000000000000	0.000457595488852379	0.000222910197574712	0.478650324046612
8.75000000000000	0.000460308597078462	0.000222910197959182	0.478652725927532
8.80000000000000	0.000463021705304543	0.000222910198343653	0.478655143640935
8.85000000000000	0.000465734813530622	0.000222910198728123	0.478657575324178
8.90000000000000	0.000468447921756699	0.000222910199112593	0.478660020977259
8.95000000000000	0.000471161029982773	0.000222910199497063	0.478662480600178
9	0.000473874138208846	0.000222910199881533	0.478664954192936
9.05000000000000	0.000476587246434916	0.000222910200266003	0.478667443618178
9.10000000000000	0.000479300354660985	0.000222910200650473	0.478669946081936
9.15000000000000	0.000482013462887051	0.000222910201034943	0.478672461584210
9.20000000000000	0.000484726571113115	0.000222910201419413	0.478674993850291
9.25000000000000	0.000487439679339176	0.000222910201803883	0.478677539154887
9.30000000000000	0.000490152787565236	0.000222910202188353	0.478680098429322
9.35000000000000	0.000492865895791293	0.000222910202572823	0.478682671673596
9.40000000000000	0.000495579004017348	0.000222910202957293	0.478685258887708
9.45000000000000	0.000498292112243401	0.000222910203341763	0.478687861002982
9.50000000000000	0.000501005220469451	0.000222910203726233	0.478690477088094
9.55000000000000	0.000503718328695500	0.000222910204110703	0.478693108074367
9.60000000000000	0.000506431436921546	0.000222910204495173	0.478695752099156
9.65000000000000	0.000509144545147589	0.000222910204879643	0.478698411956430
9.70000000000000	0.000511857653373631	0.000222910205264113	0.478701084852219
9.75000000000000	0.000514570761599670	0.000222910205648584	0.478703770786524
9.80000000000000	0.000517283869825707	0.000222910206033054	0.478706472553313
9.85000000000000	0.000519996978051741	0.000222910206417524	0.478709187358618
9.90000000000000	0.000522710086277773	0.000222910206801994	0.478711917996407
9.95000000000000	0.000525423194503803	0.000222910207186464	0.478714661672711
10	0.000528136302729830	0.000222910207570934	0.478717420250177
10.0500000000000	0.000530849410955855	0.000222910207955404	0.478720192797482
10.1000000000000	0.000533562519181878	0.000222910208339874	0.478722979314625
10.1500000000000	0.000536275627407898	0.000222910208724344	0.478725780732930
10.2000000000000	0.000538988735633915	0.000222910209108814	0.478728595189750
10.2500000000000	0.000541701843859930	0.000222910209493284	0.478731424547732
10.3000000000000	0.000544414952085943	0.000222910209877754	0.478734267875552
10.3500000000000	0.000547128060311954	0.000222910210262224	0.478737126104534
10.4000000000000	0.000549841168537961	0.000222910210646694	0.478739997372031
10.4500000000000	0.000552554276763967	0.000222910211031164	0.478742883540690
10.5000000000000	0.000555267384989970	0.000222910211415634	0.478745783679187
10.5500000000000	0.000557980493215970	0.000222910211800104	0.478748697787523
10.6000000000000	0.000560693601441968	0.000222910212184574	0.478751626797020
10.6500000000000	0.000563406709667963	0.000222910212569044	0.478754569776356
10.7000000000000	0.000566119817893956	0.000222910212953514	0.478757526725531
10.7500000000000	0.000568832926119946	0.000222910213337984	0.478760497644544
10.8000000000000	0.000571546034345933	0.000222910213722455	0.478763483464718
10.8500000000000	0.000574259142571918	0.000222910214106925	0.478766483254731
10.9000000000000	0.000576972250797901	0.000222910214491395	0.478769497014582
10.9500000000000	0.000579685359023881	0.000222910214875865	0.478772525675595
11	0.000582398467249857	0.000222910215260335	0.478775568306446
11.0500000000000	0.000585111575475832	0.000222910215644805	0.478778624907136
11.1000000000000	0.000587824683701804	0.000222910216029275	0.478781695477664
11.1500000000000	0.000590537791927773	0.000222910216413745	0.478784780018032
11.2000000000000	0.000593250900153740	0.000222910216798215	0.478787879459560
11.2500000000000	0.000595964008379703	0.000222910217182685	0.478790992870927
11.3000000000000	0.000598677116605665	0.000222910217567155	0.478794120252132
11.3500000000000	0.000601390224831623	0.000222910217951625	0.478797261603177
11.4000000000000	0.000604103333057579	0.000222910218336095	0.478800416924059
11.4500000000000	0.000606816441283532	0.000222910218720565	0.478803588077426
11.5000000000000	0.000609529549509482	0.000222910219105035	0.478806773200631
11.5500000000000	0.000612242657735429	0.000222910219489505	0.478809970431030
11.6000000000000	0.000614955765961374	0.000222910219873975	0.478813183493912
11.6500000000000	0.000617668874187316	0.000222910220258445	0.478816411457956
11.7000000000000	0.000620381982413255	0.000222910220642915	0.478819651529193
11.7500000000000	0.000623095090639191	0.000222910221027385	0.478822907432914
11.8000000000000	0.000625808198865124	0.000222910221411855	0.478826176375151
11.8500000000000	0.000628521307091055	0.000222910221796326	0.478829461149871
11.9000000000000	0.000631234415316983	0.000222910222180796	0.478832758031786
11.9500000000000	0.000633947523542908	0.000222910222565266	0.478836071677506
12	0.000636660631768830	0.000222910222949736	0.478839396499097
12.0500000000000	0.000639373739994749	0.000222910223334206	0.478842738084495
12.1000000000000	0.000642086848220665	0.000222910223718676	0.478846092708409
12.1500000000000	0.000644799956446578	0.000222910224103146	0.478849461302161
12.2000000000000	0.000647513064672489	0.000222910224487616	0.478852844797075
12.2500000000000	0.000650226172898396	0.000222910224872086	0.478856243193150
12.3000000000000	0.000652939281124301	0.000222910225256556	0.478859654627740
12.3500000000000	0.000655652389350203	0.000222910225641026	0.478863080032170
12.4000000000000	0.000658365497576101	0.000222910226025496	0.478866519406438
12.4500000000000	0.000661078605801997	0.000222910226409966	0.478869974613190
12.5000000000000	0.000663791714027889	0.000222910226794436	0.478873442858458
12.5500000000000	0.000666504822253779	0.000222910227178906	0.478876926004887
12.6000000000000	0.000669217930479666	0.000222910227563376	0.478880423121154
12.6500000000000	0.000671931038705549	0.000222910227947846	0.478883934207261
12.7000000000000	0.000674644146931430	0.000222910228332316	0.478887460194528
12.7500000000000	0.000677357255157307	0.000222910228716786	0.478890999220312
12.8000000000000	0.000680070363383182	0.000222910229101256	0.478894552215934
12.8500000000000	0.000682783471609053	0.000222910229485727	0.478898120112717
12.9000000000000	0.000685496579834921	0.000222910229870197	0.478901701979339
12.9500000000000	0.000688209688060786	0.000222910230254667	0.478905299678445
13	0.000690922796286648	0.000222910230639137	0.478908910416067
13.0500000000000	0.000693635904512507	0.000222910231023607	0.478912534192205
13.1000000000000	0.000696349012738363	0.000222910231408077	0.478916172869504
13.1500000000000	0.000699062120964216	0.000222910231792547	0.478919827379286
13.2000000000000	0.000701775229190065	0.000222910232177017	0.478923493996263
13.2500000000000	0.000704488337415911	0.000222910232561487	0.478927175514400
13.3000000000000	0.000707201445641754	0.000222910232945957	0.478930871933699
13.3500000000000	0.000709914553867594	0.000222910233330427	0.478934580460191
13.4000000000000	0.000712627662093431	0.000222910233714897	0.478938305750489
13.4500000000000	0.000715340770319264	0.000222910234099367	0.478942043147981
13.5000000000000	0.000718053878545094	0.000222910234483837	0.478945797309279
13.5500000000000	0.000720766986770921	0.000222910234868307	0.478949562646449
13.6000000000000	0.000723480094996745	0.000222910235252777	0.478953343816102
13.6500000000000	0.000726193203222565	0.000222910235637247	0.478957139886916
13.7000000000000	0.000728906311448383	0.000222910236021717	0.478960948996246
13.7500000000000	0.000731619419674196	0.000222910236406187	0.478964772075415
13.8000000000000	0.000734332527900007	0.000222910236790657	0.478968610055745
13.8500000000000	0.000737045636125814	0.000222910237175128	0.478972462937236
13.9000000000000	0.000739758744351618	0.000222910237559598	0.478976328857243
13.9500000000000	0.000742471852577418	0.000222910237944068	0.478980208747089
14	0.000745184960803215	0.000222910238328538	0.478984103538096
14.0500000000000	0.000747898069029009	0.000222910238713008	0.478988012298942
14.1000000000000	0.000750611177254799	0.000222910239097478	0.478991935029626
14.1500000000000	0.000753324285480586	0.000222910239481948	0.478995873592794
14.2000000000000	0.000756037393706370	0.000222910239866418	0.478999824263155
14.2500000000000	0.000758750501932150	0.000222910240250888	0.479003790766001
14.3000000000000	0.000761463610157926	0.000222910240635358	0.479007770307362
14.3500000000000	0.000764176718383699	0.000222910241019828	0.479011763818562
14.4000000000000	0.000766889826609469	0.000222910241404298	0.479015772230923
14.4500000000000	0.000769602934835236	0.000222910241788768	0.479019795544446
14.5000000000000	0.000772316043060998	0.000222910242173238	0.479023831896484
14.5500000000000	0.000775029151286757	0.000222910242557708	0.479027882218361
14.6000000000000	0.000777742259512514	0.000222910242942178	0.479031948372722
14.6500000000000	0.000780455367738265	0.000222910243326648	0.479036028496921
14.7000000000000	0.000783168475964014	0.000222910243711118	0.479040120728314
14.7500000000000	0.000785881584189759	0.000222910244095588	0.479044227860868
14.8000000000000	0.000788594692415501	0.000222910244480058	0.479048350825906
14.8500000000000	0.000791307800641239	0.000222910244864528	0.479052485898137
14.9000000000000	0.000794020908866974	0.000222910245248998	0.479056637734175
14.9500000000000	0.000796734017092704	0.000222910245633469	0.479060801677406
15	0.000799447125318431	0.000222910246017939	0.479064980521798
15.0500000000000	0.000802160233544155	0.000222910246402409	0.479069173336029
15.1000000000000	0.000804873341769875	0.000222910246786879	0.479073381051421
15.1500000000000	0.000807586449995592	0.000222910247171349	0.479077602736652
15.2000000000000	0.000810299558221304	0.000222910247555819	0.479081837460399
15.2500000000000	0.000813012666447013	0.000222910247940289	0.479086087085307
15.3000000000000	0.000815725774672719	0.000222910248324759	0.479090352542698
15.3500000000000	0.000818438882898420	0.000222910248709229	0.479094630107284
15.4000000000000	0.000821151764608273	0.000222928583480540	0.479098930023611
15.4500000000000	0.000823864055768529	0.000222994717842692	0.479103263467550
15.5000000000000	0.000826576346928780	0.000223060852204845	0.479107611812651
15.5500000000000	0.000829284328383776	0.000223214129462396	0.479112006723881
15.6000000000000	0.000831990086029937	0.000223412372472569	0.479116429574788
15.6500000000000	0.000834695295130433	0.000223616147945854	0.479120869189501
15.7000000000000	0.000837388001505664	0.000223946022066920	0.479125355370343
15.7500000000000	0.000840080707880892	0.000224275896187986	0.479129858314991
15.8000000000000	0.000842765121924922	0.000224661301190123	0.479134385474026
15.8500000000000	0.000845438290710896	0.000225122011805716	0.479138939641416
15.9000000000000	0.000848111459496867	0.000225582722421308	0.479143511503935
15.9500000000000	0.000850763669407637	0.000226148100329650	0.479148106649518
16	0.000853410861349100	0.000226738537658273	0.479152719490230
16.0500000000000	0.000856051931075423	0.000227353253867497	0.479157348163426
16.1000000000000	0.000858666769491375	0.000228071995635821	0.479161991737783
16.1500000000000	0.000861281607907322	0.000228790737404145	0.479166652075946
16.2000000000000	0.000863874351593559	0.000229581831929873	0.479171319864690
16.2500000000000	0.000866450537737690	0.000230427146798772	0.479175999760628
16.3000000000000	0.000869026723881818	0.000231272461667671	0.479180691763759
16.3500000000000	0.000871560114333311	0.000232236588165648	0.479185381904244
16.4000000000000	0.000874091442566738	0.000233206439900733	0.479190084151924
16.4500000000000	0.000876605627980176	0.000234217403269644	0.479194789193571
16.5000000000000	0.000879086000719871	0.000235309455646238	0.479199491441250
16.5500000000000	0.000881566373459562	0.000236401508022832	0.479204204864800
16.6000000000000	0.000884005823146971	0.000237579510565891	0.479208902455866
16.6500000000000	0.000886429265553900	0.000238791132996640	0.479213603772223
16.7000000000000	0.000888846354178439	0.000240014563633051	0.479218313470483
16.7500000000000	0.000891207028550051	0.000241342837504606	0.479222988709807
16.8000000000000	0.000893567702921659	0.000242671111376160	0.479227679781616
16.8500000000000	0.000895895270902005	0.000244054253497191	0.479232353158295
16.9000000000000	0.000898187490734350	0.000245495979200700	0.479237006977201
16.9500000000000	0.000900479710566690	0.000246937704904209	0.479241674765945
17	0.000902707865170470	0.000248474675168595	0.479246291331947
17.0500000000000	0.000904926108856129	0.000250026379807076	0.479250912554562
17.1000000000000	0.000907124647578367	0.000251604477398037	0.479255526326597
17.1500000000000	0.000909263571707163	0.000253262423152053	0.479260087944567
17.2000000000000	0.000911402495835953	0.000254920368906067	0.479264662601054
17.2500000000000	0.000913488133015395	0.000256642814818495	0.479269192554057
17.3000000000000	0.000915542585245837	0.000258403007949989	0.479273699223995
17.3500000000000	0.000917595854965609	0.000260164497142109	0.479278217069805
17.4000000000000	0.000919560886436114	0.000262022697614714	0.479282643646002
17.4500000000000	0.000921525917906616	0.000263880898087318	0.479287085123360
17.5000000000000	0.000923453699739679	0.000265776101723605	0.479291490279138
17.5500000000000	0.000925324576989610	0.000267727833416238	0.479295840486884
17.6000000000000	0.000927195454239536	0.000269679565108871	0.479300202801824
17.6500000000000	0.000928989571036988	0.000271700408444416	0.479304481297731
17.7000000000000	0.000930761787408842	0.000273740969933575	0.479308742098510
17.7500000000000	0.000932517491487119	0.000275794993200609	0.479312994517386
17.8000000000000	0.000934186777982382	0.000277919469085381	0.479317144490778
17.8500000000000	0.000935856064477642	0.000280043944970153	0.479321308434010
17.9000000000000	0.000937467295622628	0.000282211193545715	0.479325403459370
17.9500000000000	0.000939029631185130	0.000284414466288226	0.479329446330667
18	0.000940591966747628	0.000286617739030736	0.479333502240479
18.0500000000000	0.000942051866966545	0.000288889005872683	0.479337424039841
18.1000000000000	0.000943503488168577	0.000291165768125465	0.479341347701848
18.1500000000000	0.000944919975596588	0.000293463450212355	0.479345234110951
18.2000000000000	0.000946257385704426	0.000295808217602939	0.479349018074572
18.2500000000000	0.000947594795812260	0.000298152984993522	0.479352814145386
18.3000000000000	0.000948851174892954	0.000300540779985023	0.479356501251459
18.3500000000000	0.000950071152289947	0.000302947904326949	0.479360149241984
18.4000000000000	0.000951282412330810	0.000305359124665715	0.479363796301186
18.4500000000000	0.000952382018277775	0.000307822807564153	0.479367282241583
18.5000000000000	0.000953481624224738	0.000310286490462590	0.479370784014463
18.5500000000000	0.000954525278108689	0.000312773198132970	0.479374212212861
18.6000000000000	0.000955501863822873	0.000315287504952167	0.479377545416355
18.6500000000000	0.000956478449537054	0.000317801811771362	0.479380894452333
18.7000000000000	0.000957350070793800	0.000320353431238621	0.479384085163474
18.7500000000000	0.000958201283829400	0.000322912305397532	0.479387258179486
18.8000000000000	0.000959024512314884	0.000325479613676896	0.479390396736562
18.8500000000000	0.000959748302229730	0.000328076891238565	0.479393386282027
18.9000000000000	0.000960472092144573	0.000330674168800233	0.479396388866007
18.9500000000000	0.000961118121347050	0.000333290799429610	0.479399275034666
19	0.000961712744641802	0.000335920223949147	0.479402087628841
19.0500000000000	0.000962307367936550	0.000338549648468683	0.479404914192855
19.1000000000000	0.000962773427224466	0.000341204483849351	0.479407534003258
19.1500000000000	0.000963237451542440	0.000343859721444758	0.479410163126886
19.2000000000000	0.000963653159825769	0.000346522081545043	0.479412721469998
19.2500000000000	0.000963985467403270	0.000349196736154564	0.479415146633983
19.3000000000000	0.000964317774980769	0.000351871390764083	0.479417588561773
19.3500000000000	0.000964550798370164	0.000354555765853060	0.479419862851501
19.4000000000000	0.000964750588728999	0.000357243394642319	0.479422094300389
19.4500000000000	0.000964932874252027	0.000359931878953007	0.479424305260181
19.5000000000000	0.000964999666127744	0.000362626007834810	0.479426321573555
19.5500000000000	0.000965066458003459	0.000365320136716611	0.479428350925446
19.6000000000000	0.000965099027308536	0.000368014721351639	0.479430330917239
19.6500000000000	0.000965099239560897	0.000370709666993501	0.479432266205549
19.7000000000000	0.000965099451813257	0.000373404612635362	0.479434215463698
19.7500000000000	0.000965099664065614	0.000376099558277220	0.479436176829040
19.8000000000000	0.000965099876317969	0.000378794503919077	0.479438153095543
19.8500000000000	0.000965100088570322	0.000381489449560932	0.479440143331885
19.9000000000000	0.000965100300822673	0.000384184395202786	0.479442148469389
19.9500000000000	0.000965100513075022	0.000386879340844638	0.479444167576730
20	0.000965100725327368	0.000389574286486488	0.479446201585233
20.0500000000000	0.000965100937579712	0.000392269232128337	0.479448248632252
20.1000000000000	0.000965101149832055	0.000394964177770183	0.479450310580432
20.1500000000000	0.000965101362084395	0.000397659123412028	0.479452385567129
20.2000000000000	0.000965101574336733	0.000400354069053872	0.479454474523664
20.2500000000000	0.000965101786589068	0.000403049014695713	0.479456579312682
20.3000000000000	0.000965101998841402	0.000405743960337553	0.479458696208894
20.3500000000000	0.000965102211093733	0.000408438905979391	0.479460828937590
20.4000000000000	0.000965102423346062	0.000411133851621227	0.479462974704802
20.4500000000000	0.000965102635598390	0.000413828797263061	0.479465135373175
20.5000000000000	0.000965102847850715	0.000416523742904893	0.479467310011387
20.5500000000000	0.000965103060103038	0.000419218688546724	0.479469497688115
20.6000000000000	0.000965103272355358	0.000421913634188553	0.479471700266004
20.6500000000000	0.000965103484607677	0.000424608579830380	0.479473915882409
20.7000000000000	0.000965103696859993	0.000427303525472205	0.479476147331297
20.7500000000000	0.000965103909112307	0.000429998471114028	0.479478391818702
20.8000000000000	0.000965104121364620	0.000432693416755849	0.479480651207268
20.8500000000000	0.000965104333616930	0.000435388362397668	0.479482923634350
20.9000000000000	0.000965104545869237	0.000438083308039486	0.479485211893916
20.9500000000000	0.000965104758121543	0.000440778253681301	0.479487512260675
21	0.000965104970373846	0.000443473199323114	0.479489827528596
21.0500000000000	0.000965105182626148	0.000446168144964926	0.479492157697678
21.1000000000000	0.000965105394878447	0.000448863090606735	0.479494499973953
21.1500000000000	0.000965105607130744	0.000451558036248543	0.479496858082712
21.2000000000000	0.000965105819383039	0.000454252981890349	0.479499230161309
21.2500000000000	0.000965106031635332	0.000456947927532152	0.479501617141068
21.3000000000000	0.000965106243887622	0.000459642873173953	0.479504016228020
21.3500000000000	0.000965106456139911	0.000462337818815753	0.479506430216134
21.4000000000000	0.000965106668392197	0.000465032764457551	0.479508858174086
21.4500000000000	0.000965106880644481	0.000467727710099346	0.479511300101876
21.5000000000000	0.000965107092896763	0.000470422655741139	0.479513757862151
21.5500000000000	0.000965107305149043	0.000473117601382930	0.479516227729619
21.6000000000000	0.000965107517401321	0.000475812547024719	0.479518712498248
21.6500000000000	0.000965107729653596	0.000478507492666506	0.479521211236715
21.7000000000000	0.000965107941905870	0.000481202438308291	0.479523723945022
21.7500000000000	0.000965108154158141	0.000483897383950074	0.479526251554489
21.8000000000000	0.000965108366410410	0.000486592329591855	0.479528792202473
21.8500000000000	0.000965108578662677	0.000489287275233633	0.479531347751617
21.9000000000000	0.000965108790914942	0.000491982220875410	0.479533916339278
21.9500000000000	0.000965109003167205	0.000494677166517184	0.479536500759423
22	0.000965109215419465	0.000497372112158956	0.479539098218083
22.0500000000000	0.000965109427671724	0.000500067057800725	0.479541709646583
22.1000000000000	0.000965109639923980	0.000502762003442493	0.479544335976243
22.1500000000000	0.000965109852176234	0.000505456949084258	0.479546975344420
22.2000000000000	0.000965110064428486	0.000508151894726021	0.479549629613757
22.2500000000000	0.000965110276680736	0.000510846840367782	0.479552297852933
22.3000000000000	0.000965110488932983	0.000513541786009541	0.479554980993271
22.3500000000000	0.000965110701185228	0.000516236731651297	0.479557676240802
22.4000000000000	0.000965110913437472	0.000518931677293051	0.479560386389494
22.4500000000000	0.000965111125689713	0.000521626622934803	0.479563110508025
22.5000000000000	0.000965111337941952	0.000524321568576552	0.479565849527717
22.5500000000000	0.000965111550194189	0.000527016514218299	0.479568603448570
22.6000000000000	0.000965111762446423	0.000529711459860044	0.479571369476616
22.6500000000000	0.000965111974698656	0.000532406405501786	0.479574151337147
22.7000000000000	0.000965112186950887	0.000535101351143526	0.479576945304871
22.7500000000000	0.000965112399203115	0.000537796296785264	0.479579756036401
22.8000000000000	0.000965112611455341	0.000540491242426999	0.479582578875124
22.8500000000000	0.000965112823707565	0.000543186188068732	0.479585415683687
22.9000000000000	0.000965113035959786	0.000545881133710463	0.479588268324733
22.9500000000000	0.000965113248212006	0.000548576079352191	0.479591133072972
23	0.000965113460464224	0.000551271024993916	0.479594013653696
23.0500000000000	0.000965113672716439	0.000553965970635640	0.479596906341612
23.1000000000000	0.000965113884968652	0.000556660916277360	0.479599814862013
23.1500000000000	0.000965114097220863	0.000559355861919079	0.479602736420929
23.2000000000000	0.000965114309473072	0.000562050807560795	0.479605671949685
23.2500000000000	0.000965114521725279	0.000564745753202508	0.479608622379601
23.3000000000000	0.000965114733977484	0.000567440698844219	0.479611586779356
23.3500000000000	0.000965114946229686	0.000570135644485927	0.479614566080272
23.4000000000000	0.000965090114085540	0.000572830423387643	0.479617512784898
23.4500000000000	0.000964986896760716	0.000575523253921610	0.479620324447751
23.5000000000000	0.000964797360309749	0.000578211385162523	0.479622983373702
23.5500000000000	0.000964506677429014	0.000580890513906277	0.479625459760428
23.6000000000000	0.000964078886688732	0.000583551357502473	0.479627673514187
23.6500000000000	0.000963519065758973	0.000586187726098380	0.479629627428949
23.7000000000000	0.000962787381134496	0.000588781884745847	0.479631229303777
23.7500000000000	0.000961862293952980	0.000591314129515989	0.479632413946092
23.8000000000000	0.000960743512602341	0.000593768046319527	0.479633163660765
23.8500000000000	0.000959380877324596	0.000596096520023304	0.479633330367506
23.9000000000000	0.000957797258822077	0.000598282360079072	0.479632936418057
23.9500000000000	0.000955997121753161	0.000600295803593612	0.479631955735385
24	0.000953949244913208	0.000602060836247975	0.479630243033171
24.0500000000000	0.000951737571950448	0.000603618532757058	0.479628001339734
24.1000000000000	0.000949375858607992	0.000604941276298449	0.479625221341848
24.1500000000000	0.000946899192007568	0.000606038518571744	0.479621980339289
24.2000000000000	0.000944344797993436	0.000606943741653307	0.479618386365473
24.2500000000000	0.000941726398587763	0.000607646709773444	0.479614449664950
24.3000000000000	0.000939070176106797	0.000608192771338820	0.479610274545848
24.3500000000000	0.000936389340396533	0.000608604460448842	0.479605908505619
24.4000000000000	0.000933690922001351	0.000608882033536561	0.479601368308067
24.4500000000000	0.000930984235471508	0.000609064096891195	0.479596713557839
24.5000000000000	0.000928272880113384	0.000609156012471397	0.479591958224773
24.5500000000000	0.000925559919826004	0.000609177648226564	0.479587130248547
24.6000000000000	0.000922846811608894	0.000609177859058320	0.479582292027772
24.6500000000000	0.000920133703391780	0.000609178069890076	0.479577466845512
24.7000000000000	0.000917420595174662	0.000609178280721833	0.479572656564415
24.7500000000000	0.000914707486957540	0.000609178491553589	0.479567860253155
24.8000000000000	0.000911994378740413	0.000609178702385345	0.479563077911735
24.8500000000000	0.000909281270523283	0.000609178913217102	0.479558311402798
24.9000000000000	0.000906568162306148	0.000609179124048858	0.479553556069732
24.9500000000000	0.000903855054089009	0.000609179334880614	0.479548817500472
25	0.000901141945871866	0.000609179545712371	0.479544091969728
25.0500000000000	0.000898428837654719	0.000609179756544127	0.479539381340146
25.1000000000000	0.000895715729437569	0.000609179967375883	0.479534682817757
25.1500000000000	0.000893002621220413	0.000609180178207640	0.479530001059175
25.2000000000000	0.000890289513003254	0.000609180389039396	0.479525333270431
25.2500000000000	0.000887576404786091	0.000609180599871152	0.479520679451525
25.3000000000000	0.000884863296568924	0.000609180810702909	0.479516038671136
25.3500000000000	0.000882150188351753	0.000609181021534665	0.479511413723230
25.4000000000000	0.000879437080134577	0.000609181232366422	0.479506801813841
25.4500000000000	0.000876723971917398	0.000609181443198178	0.479502204805613
25.5000000000000	0.000874010863700215	0.000609181654029935	0.479497620835900
25.5500000000000	0.000871297755483028	0.000609181864861691	0.479493051767349
25.6000000000000	0.000868584647265837	0.000609182075693447	0.479488497599959
25.6500000000000	0.000865871539048642	0.000609182286525204	0.479483956471086
25.7000000000000	0.000863158430831443	0.000609182497356960	0.479479430243373
25.7500000000000	0.000860445322614240	0.000609182708188716	0.479474918916822
25.8000000000000	0.000857732214397034	0.000609182919020473	0.479470420628786
25.8500000000000	0.000855019106179823	0.000609183129852229	0.479465936310589
25.9000000000000	0.000852305997962608	0.000609183340683985	0.479461465962231
25.9500000000000	0.000849592889745390	0.000609183551515742	0.479457012377679
26	0.000846879781528168	0.000609183762347498	0.479452570900321
26.0500000000000	0.000844166673310942	0.000609183973179254	0.479448144324124
26.1000000000000	0.000841453565093712	0.000609184184011011	0.479443731717765
26.1500000000000	0.000838740456876478	0.000609184394842767	0.479439332149923
26.2000000000000	0.000836027348659241	0.000609184605674524	0.479434948414564
26.2500000000000	0.000833314240442000	0.000609184816506280	0.479430577717721
26.3000000000000	0.000830601132224755	0.000609185027338036	0.479426222853363
26.3500000000000	0.000827888024007506	0.000609185238169793	0.479421881027520
26.4000000000000	0.000825174915790253	0.000609185449001549	0.479417553171515
26.4500000000000	0.000822461807572997	0.000609185659833305	0.479413240216672
26.5000000000000	0.000819748699355737	0.000609185870665062	0.479408940300345
26.5500000000000	0.000817035591138474	0.000609186081496818	0.479404655285180
26.6000000000000	0.000814322482921206	0.000609186292328574	0.479400386102498
26.6500000000000	0.000811609374703935	0.000609186503160331	0.479396128095686
26.7000000000000	0.000808896266486660	0.000609186713992087	0.479391886852682
26.7500000000000	0.000806183158269382	0.000609186924823844	0.479387658648193
26.8000000000000	0.000803470050052100	0.000609187135655600	0.479383445344865
26.8500000000000	0.000800756941834814	0.000609187346487356	0.479379245080054
26.9000000000000	0.000798043833617525	0.000609187557319113	0.479375060647726
26.9500000000000	0.000795330725400232	0.000609187768150869	0.479370888322592
27	0.000792617617182935	0.000609187978982626	0.479366730898619
27.0500000000000	0.000789904508965635	0.000609188189814382	0.479362589307129
27.1000000000000	0.000787191400748331	0.000609188400646138	0.479358460754156
27.1500000000000	0.000784478292531024	0.000609188611477895	0.479354346171021
27.2000000000000	0.000781765184313713	0.000609188822309651	0.479350246489048
27.2500000000000	0.000779052076096399	0.000609189033141407	0.479346159845591
27.3000000000000	0.000776338967879081	0.000609189243973164	0.479342089034617
27.3500000000000	0.000773625859661760	0.000609189454804920	0.479338029399514
27.4000000000000	0.000770912751444434	0.000609189665636676	0.479333986528218
27.4500000000000	0.000768199643227106	0.000609189876468433	0.479329957626760
27.5000000000000	0.000765486535009774	0.000609190087300189	0.479325942695141
27.5500000000000	0.000762773426792439	0.000609190298131945	0.479321943596005
27.6000000000000	0.000760060318575100	0.000609190508963702	0.479317956604064
27.6500000000000	0.000757347210357758	0.000609190719795458	0.479313984513283
27.7000000000000	0.000754634102140412	0.000609190930627215	0.479310025461018
27.7500000000000	0.000751920993923063	0.000609191141458971	0.479306081309915
27.8000000000000	0.000749207885705711	0.000609191352290727	0.479302152059972
27.8500000000000	0.000746494777488354	0.000609191563122484	0.479298236779869
27.9000000000000	0.000743781669270995	0.000609191773954240	0.479294336400926
27.9500000000000	0.000741068561053632	0.000609191984785996	0.479290449060500
28	0.000738355452836266	0.000609192195617753	0.479286575689912
28.0500000000000	0.000735642344618897	0.000609192406449509	0.479282716289163
28.1000000000000	0.000732929236401524	0.000609192617281266	0.479278871789575
28.1500000000000	0.000730216128184148	0.000609192828113022	0.479275043122470
28.2000000000000	0.000727503019966769	0.000609193038944778	0.479271225631237
28.2500000000000	0.000724789911749387	0.000609193249776535	0.479267423041165
28.3000000000000	0.000722076803532001	0.000609193460608291	0.479263637214899
28.3500000000000	0.000719363695314611	0.000609193671440047	0.479259862564504
28.4000000000000	0.000716650587097219	0.000609193882271804	0.479256104677916
28.4500000000000	0.000713937478879823	0.000609194093103560	0.479252358898520
28.5000000000000	0.000711224370662424	0.000609194303935316	0.479248626157641
28.5500000000000	0.000708511262445022	0.000609194514767073	0.479244912043214
28.6000000000000	0.000705798154227617	0.000609194725598829	0.479241208173335
28.6500000000000	0.000703085046010208	0.000609194936430585	0.479237521067262
28.7000000000000	0.000700371937792797	0.000609195147262342	0.479233846999705
28.7500000000000	0.000697658829575382	0.000609195358094098	0.479230186901987
28.8000000000000	0.000694945721357964	0.000609195568925855	0.479226540774107
28.8500000000000	0.000692232613140542	0.000609195779757611	0.479222909547389
28.9000000000000	0.000689519504923118	0.000609195990589367	0.479219293221831
28.9500000000000	0.000686806396705690	0.000609196201421124	0.479215689934790
29	0.000684093288488260	0.000609196412252880	0.479212101548910
29.0500000000000	0.000681380180270827	0.000609196623084637	0.479208527132869
29.1000000000000	0.000678667072053390	0.000609196833916393	0.479204966686666
29.1500000000000	0.000675953963835950	0.000609197044748149	0.479201421141624
29.2000000000000	0.000673240855618507	0.000609197255579906	0.479197888635099
29.2500000000000	0.000670527747401061	0.000609197466411662	0.479194371029735
29.3000000000000	0.000667814639183612	0.000609197677243418	0.479190867394209
29.3500000000000	0.000665101530966160	0.000609197888075175	0.479187377728522
29.4000000000000	0.000662388422748705	0.000609198098906931	0.479183902032673
29.4500000000000	0.000659675314531247	0.000609198309738687	0.479180441237986
29.5000000000000	0.000656962206313786	0.000609198520570444	0.479176994413137
29.5500000000000	0.000654249098096322	0.000609198731402200	0.479173562489450
29.6000000000000	0.000651535989878855	0.000609198942233957	0.479170143604279
29.6500000000000	0.000648822881661385	0.000609199153065713	0.479166741482914
29.7000000000000	0.000646109773443912	0.000609199363897469	0.479163350537419
29.7500000000000	0.000643396665226437	0.000609199574729226	0.479159973561764
29.8000000000000	0.000640683557008958	0.000609199785560982	0.479156613349915
29.8500000000000	0.000637970448791477	0.000609199996392738	0.479153265245259
29.9000000000000	0.000635257340573992	0.000609200207224495	0.479149932973087
29.9500000000000	0.000632544232356504	0.000609200418056251	0.479146613739431
30	0.000629831124139015	0.000609200628888008	0.479143309406936
30.0500000000000	0.000627118015921521	0.000609200839719764	0.479140019044280
30.1000000000000	0.000624404907704026	0.000609201050551520	0.479136742651463
30.1500000000000	0.000621691799486527	0.000609201261383277	0.479133480228484
30.2000000000000	0.000618978691269025	0.000609201472215033	0.479130231775343
30.2500000000000	0.000616265583051521	0.000609201683046789	0.479126999154687
30.3000000000000	0.000613552474834014	0.000609201893878546	0.479123780503869
30.3500000000000	0.000610839366616504	0.000609202104710302	0.479120573960245
30.4000000000000	0.000608126258398991	0.000609202315542058	0.479117383249104
30.4500000000000	0.000605413150181476	0.000609202526373815	0.479114207439125
30.5000000000000	0.000602700041963958	0.000609202737205571	0.479111044667661
30.5500000000000	0.000599986933746437	0.000609202948037328	0.479107894934714
30.6000000000000	0.000597273825528913	0.000609203158869084	0.479104761965573
30.6500000000000	0.000594560717311386	0.000609203369700840	0.479101641103625
30.7000000000000	0.000591847609093857	0.000609203580532597	0.479098535142839
30.7500000000000	0.000589134500876326	0.000609203791364353	0.479095445014536
30.8000000000000	0.000586421392658792	0.000609204002196109	0.479092366993427
30.8500000000000	0.000583708284441255	0.000609204213027866	0.479089303873479
30.9000000000000	0.000580995176223715	0.000609204423859622	0.479086254723370
30.9500000000000	0.000578282068006173	0.000609204634691378	0.479083219543099
31	0.000575568959788628	0.000609204845523135	0.479080199263990
31.0500000000000	0.000572855851571080	0.000609205056354891	0.479077192954719
31.1000000000000	0.000570142743353530	0.000609205267186648	0.479074201546609
31.1500000000000	0.000567429635135977	0.000609205478018404	0.479071224108338
31.2000000000000	0.000564716526918422	0.000609205688850160	0.479068259708583
31.2500000000000	0.000562003418700864	0.000609205899681917	0.479065309278667
31.3000000000000	0.000559290310483304	0.000609206110513673	0.479062374681234
31.3500000000000	0.000556577202265741	0.000609206321345429	0.479059454053640
31.4000000000000	0.000553864094048176	0.000609206532177186	0.479056546464562
31.4500000000000	0.000551150985830608	0.000609206743008942	0.479053653776646
31.5000000000000	0.000548437877613037	0.000609206953840698	0.479050775058568
31.5500000000000	0.000545724769395464	0.000609207164672455	0.479047911241651
31.6000000000000	0.000543011661177889	0.000609207375504211	0.479045061394572
31.6500000000000	0.000540298552960311	0.000609207586335968	0.479042225517333
31.7000000000000	0.000537585444742730	0.000609207797167724	0.479039404541254
31.7500000000000	0.000534872336525148	0.000609208007999480	0.479036596603692
31.8000000000000	0.000532159228307563	0.000609208218831237	0.479033802635968
31.8500000000000	0.000529446120089975	0.000609208429662993	0.479031024500728
31.9000000000000	0.000526733011872385	0.000609208640494749	0.479028259404004
31.9500000000000	0.000524019903654793	0.000609208851326506	0.479025508277118
32	0.000521306795437198	0.000609209062158262	0.479022772051394
32.0500000000000	0.000518593687219601	0.000609209272990018	0.479020049795508
32.1000000000000	0.000515880579002002	0.000609209483821775	0.479017342440784
32.1500000000000	0.000513167470784400	0.000609209694653531	0.479014648124576
32.2000000000000	0.000510454362566796	0.000609209905485288	0.479011969640851
32.2500000000000	0.000507741254349190	0.000609210116317044	0.479009304195642
32.3000000000000	0.000505028146131581	0.000609210327148800	0.479006651788950
32.3500000000000	0.000502315037913970	0.000609210537980557	0.479004015214741
32.4000000000000	0.000499601929696357	0.000609210748812313	0.479001392610371
32.4500000000000	0.000496888821478741	0.000609210959644070	0.478998784907162
32.5000000000000	0.000494175713261123	0.000609211170475826	0.478996190242469
32.5500000000000	0.000491462605043503	0.000609211381307582	0.478993609547615
32.6000000000000	0.000488749496825881	0.000609211592139339	0.478991043753922
32.6500000000000	0.000486036388608256	0.000609211802971095	0.478988491930068
32.7000000000000	0.000483323280390630	0.000609212013802851	0.478985954076052
32.7500000000000	0.000480610172173001	0.000609212224634608	0.478983430191875
32.8000000000000	0.000477897063955370	0.000609212435466364	0.478980921208859
32.8500000000000	0.000475183955737737	0.000609212646298120	0.478978427127004
32.9000000000000	0.000472470847520101	0.000609212857129877	0.478975946083665
32.9500000000000	0.000469757739302464	0.000609213067961633	0.478973479941487
33	0.000467044631084824	0.000609213278793390	0.478971026837826
33.0500000000000	0.000464331522867182	0.000609213489625146	0.478968589566648
33.1000000000000	0.000461618414649539	0.000609213700456902	0.478966165333986
33.1500000000000	0.000458905306431893	0.000609213911288659	0.478963756002486
33.2000000000000	0.000456192198214245	0.000609214122120415	0.478961359709501
33.2500000000000	0.000453479089996595	0.000609214332952171	0.478958979249001
33.3000000000000	0.000450765981778942	0.000609214543783928	0.478956612758338
33.3500000000000	0.000448052873561288	0.000609214754615684	0.478954259306192
33.4000000000000	0.000445339765343632	0.000609214965447440	0.478951920755208
33.4500000000000	0.000442626657125974	0.000609215176279197	0.478949595242739
33.5000000000000	0.000439913548908314	0.000609215387110953	0.478947285562754
33.5500000000000	0.000437200440690651	0.000609215597942709	0.478944989852607
33.6000000000000	0.000434487332472988	0.000609215808774466	0.478942709043622
33.6500000000000	0.000431774224255321	0.000609216019606222	0.478940440341830
33.7000000000000	0.000429061116037653	0.000609216230437979	0.478938185609877
33.7500000000000	0.000426348007819983	0.000609216441269735	0.478935946710408
33.8000000000000	0.000423634899602311	0.000609216652101491	0.478933723643422
33.8500000000000	0.000420921791384637	0.000609216862933248	0.478931511752307
33.9000000000000	0.000418208683166962	0.000609217073765004	0.478929315693676
33.9500000000000	0.000415495574949284	0.000609217284596760	0.478927132673562
34	0.000412782466731604	0.000609217495428517	0.478924964554608
34.0500000000000	0.000410069358513922	0.000609217706260273	0.478922809474170
34.1000000000000	0.000407356250296239	0.000609217917092030	0.478920670226216
34.1500000000000	0.000404643142078554	0.000609218127923786	0.478918544016778
34.2000000000000	0.000401930033860867	0.000609218338755542	0.478916433639824
34.2500000000000	0.000399216925643179	0.000609218549587299	0.478914336301386
34.3000000000000	0.000396503817425488	0.000609218760419055	0.478912254795432
34.3500000000000	0.000393790709207796	0.000609218971250811	0.478910185396671
34.4000000000000	0.000391077600990101	0.000609219182082568	0.478908130899072
34.4500000000000	0.000388364492772405	0.000609219392914324	0.478906090371311
34.5000000000000	0.000385651384554708	0.000609219603746080	0.478904063813388
34.5500000000000	0.000382938276337008	0.000609219814577837	0.478902052156627
34.6000000000000	0.000380225168119307	0.000609220025409593	0.478900054469705
34.6500000000000	0.000377512059901604	0.000609220236241350	0.478898071683943
34.7000000000000	0.000374798951683899	0.000609220447073106	0.478896101936698
34.7500000000000	0.000372085843466193	0.000609220657904862	0.478894146159291
34.8000000000000	0.000369372735248485	0.000609220868736619	0.478892205283046
34.8500000000000	0.000366659627030775	0.000609221079568375	0.478890278376639
34.9000000000000	0.000363946518813064	0.000609221290400131	0.478888367302716
34.9500000000000	0.000361233410595351	0.000609221501231888	0.478886467404664
35	0.000358520302377636	0.000609221712063644	0.478884583339095
35.0500000000000	0.000355807194159920	0.000609221922895400	0.478882715106010
35.1000000000000	0.000353094085942202	0.000609222133727157	0.478880858980119
35.1500000000000	0.000350380977724483	0.000609222344558913	0.478879016824067
35.2000000000000	0.000347667869506762	0.000609222555390670	0.478877190500498
35.2500000000000	0.000344954761289039	0.000609222766222426	0.478875377215445
35.3000000000000	0.000342241653071315	0.000609222977054182	0.478873578831553
35.3500000000000	0.000339528544853589	0.000609223187885939	0.478871793486178
35.4000000000000	0.000336815436635862	0.000609223398717695	0.478870023973286
35.4500000000000	0.000334102328418133	0.000609223609549451	0.478868268430233
35.5000000000000	0.000331389220200403	0.000609223820381208	0.478866524994373
35.5500000000000	0.000328676111982671	0.000609224031212964	0.478864797390997
35.6000000000000	0.000325963003764938	0.000609224242044720	0.478863082826138
35.6500000000000	0.000323249895547203	0.000609224452876477	0.478861384093761
35.7000000000000	0.000320536787329466	0.000609224663708233	0.478859698399901
35.7500000000000	0.000317823679111729	0.000609224874539990	0.478858028538525
35.8000000000000	0.000315110570893989	0.000609225085371746	0.478856372646987
35.8500000000000	0.000312397462676249	0.000609225296203502	0.478854727931321
35.9000000000000	0.000309684354458507	0.000609225507035259	0.478853099979460
35.9500000000000	0.000306971246240764	0.000609225717867015	0.478851485997438
36	0.000304258138023019	0.000609225928698771	0.478849887847900
36.0500000000000	0.000301545029805272	0.000609226139530528	0.478848300874233
36.1000000000000	0.000298831921587525	0.000609226350362284	0.478846729733050
36.1500000000000	0.000296118813369776	0.000609226561194041	0.478845171630383
36.2000000000000	0.000293405705152026	0.000609226772025797	0.478843628428876
36.2500000000000	0.000290692596934275	0.000609226982857553	0.478842099197209
36.3000000000000	0.000287979488716521	0.000609227193689310	0.478840584866703
36.3500000000000	0.000285266380498768	0.000609227404521066	0.478839083574712
36.4000000000000	0.000282553272281012	0.000609227615352822	0.478837598115206
36.4500000000000	0.000279840164063256	0.000609227826184579	0.478836125694215
36.5000000000000	0.000277127055845497	0.000609228037016335	0.478834668174386
36.5500000000000	0.000274413947627738	0.000609228247848091	0.478833224624395
36.6000000000000	0.000271700839409978	0.000609228458679848	0.478831795044243
36.6500000000000	0.000268987731192216	0.000609228669511604	0.478830378502607
36.7000000000000	0.000266274622974453	0.000609228880343361	0.478828978724778
36.7500000000000	0.000263561514756689	0.000609229091175117	0.478827591985464
36.8000000000000	0.000260848406538923	0.000609229302006873	0.478826219215989
36.8500000000000	0.000258135298321157	0.000609229512838630	0.478824861347675
36.9000000000000	0.000255422190103389	0.000609229723670386	0.478823517449200
36.9500000000000	0.000252709081885620	0.000609229934502142	0.478822187520564
37	0.000249995973667850	0.000609230145333899	0.478820870630443
37.0500000000000	0.000247282865450079	0.000609230356165655	0.478819569572806
37.1000000000000	0.000244569757232307	0.000609230566997412	0.478818281553686
37.1500000000000	0.000241856649014534	0.000609230777829168	0.478817008435726
37.2000000000000	0.000239143540796759	0.000609230988660924	0.478815749287605
37.2500000000000	0.000236430432578984	0.000609231199492681	0.478814505040646
37.3000000000000	0.000233717324361207	0.000609231410324437	0.478813273832202
37.3500000000000	0.000231004497446809	0.000609261061610621	0.478812091983855
37.4000000000000	0.000228291873948028	0.000609312001827773	0.478810950182378
37.4500000000000	0.000225579250449246	0.000609362942044925	0.478809822350740
37.5000000000000	0.000222866626950462	0.000609413882262078	0.478808709420264
37.5500000000000	0.000220154003451678	0.000609464822479230	0.478807610459626
37.6000000000000	0.000217441379952893	0.000609515762696382	0.478806524537504
37.6500000000000	0.000214728756454107	0.000609566702913534	0.478805454447866
37.7000000000000	0.000212016186938903	0.000609620347779233	0.478804400190711
37.7500000000000	0.000209303662403196	0.000609676246176913	0.478803363628686
37.8000000000000	0.000206591137867487	0.000609732144574593	0.478802341036499
37.8500000000000	0.000203878613331778	0.000609788042972273	0.478801333345473
37.9000000000000	0.000201166088796068	0.000609843941369954	0.478800339624286
37.9500000000000	0.000198453564260357	0.000609899839767634	0.478799360804260
38	0.000195741039724645	0.000609955738165314	0.478798394091427
38.0500000000000	0.000193028101623595	0.000609982263746096	0.478797407820821
38.1000000000000	0.000190315089042005	0.000610004892343309	0.478796430863440
38.1500000000000	0.000187602076460413	0.000610027520940523	0.478795468807220
38.2000000000000	0.000184889063878821	0.000610050149537736	0.478794520720840
38.2500000000000	0.000182176051297227	0.000610072778134950	0.478793585672975
38.3000000000000	0.000179463038715633	0.000610095406732163	0.478792666457593
38.3500000000000	0.000176750026134038	0.000610118035329377	0.478791760280728
38.4000000000000	0.000174037013552442	0.000610140663926590	0.478790869936347
38.4500000000000	0.000171324000970846	0.000610163292523803	0.478789991699159
38.5000000000000	0.000168610988389249	0.000610185921121017	0.478789130225778
38.5500000000000	0.000165897975807650	0.000610208549718230	0.478788279928267
38.6000000000000	0.000163184963226052	0.000610231178315443	0.478787444531918
38.6500000000000	0.000160471950644452	0.000610253806912657	0.478786624036729
38.7000000000000	0.000157758938062852	0.000610276435509870	0.478785818442702
38.7500000000000	0.000155045925481252	0.000610299064107084	0.478785026818514
38.8000000000000	0.000152332912899650	0.000610321692704297	0.478784248232842
38.8500000000000	0.000149619900318048	0.000610344321301510	0.478783484548330
38.9000000000000	0.000146906887736445	0.000610366949898724	0.478782734833658
38.9500000000000	0.000144193875154842	0.000610389578495937	0.478782000951469
39	0.000141480862573237	0.000610412207093150	0.478781280107796
39.0500000000000	0.000138767849991632	0.000610434835690364	0.478780571371317
39.1000000000000	0.000136054837410027	0.000610457464287577	0.478779880329967
39.1500000000000	0.000133341824828421	0.000610480092884790	0.478779200464487
39.2000000000000	0.000130628812246815	0.000610502721482004	0.478778537362814
39.2500000000000	0.000127915799665208	0.000610525350079217	0.478777886368334
39.3000000000000	0.000125202787083600	0.000610547978676431	0.478777251206338
39.3500000000000	0.000122489774501992	0.000610570607273644	0.478776629082859
39.4000000000000	0.000119776761920383	0.000610593235870857	0.478776022791863
39.4500000000000	0.000117063749338774	0.000610615864468071	0.478775428608060
39.5000000000000	0.000114350736757164	0.000610638493065284	0.478774851188064
39.5500000000000	0.000111637724175554	0.000610661121662497	0.478774285875261
39.6000000000000	0.000108924711593944	0.000610683750259711	0.478773734532297
39.6500000000000	0.000106211699012332	0.000610706378856924	0.478773198090494
39.7000000000000	0.000103498686430721	0.000610729007454138	0.478772675618529
39.7500000000000	0.000100785673849109	0.000610751636051351	0.478772168047726
39.8000000000000	9.80726612674958e-05	0.000610774264648564	0.478771674446762
39.8500000000000	9.53596486858832e-05	0.000610796893245778	0.478771194815636
39.9000000000000	9.26466361042695e-05	0.000610819521842991	0.478770730085671
39.9500000000000	8.99336235226562e-05	0.000610842150440204	0.478770278394222
40	8.72205683712640e-05	0.000610838612734658	0.478769810870290
40.0500000000000	8.45089362841140e-05	0.000610754366047457	0.478769262321293
40.1000000000000	8.18013592538900e-05	0.000610585988955001	0.478768627159297
40.1500000000000	7.91024993229790e-05	0.000610313518326924	0.478767884895206
40.2000000000000	7.64207999165244e-05	0.000609907326939462	0.478767001070082
40.2500000000000	7.37628774295088e-05	0.000609369301987020	0.478765978477895
40.3000000000000	7.11477297537303e-05	0.000608655047271945	0.478764767758548
40.3500000000000	6.85927207069358e-05	0.000607751975603184	0.478763355873525
40.4000000000000	6.61153855102301e-05	0.000606655720867331	0.478761741891503
40.4500000000000	6.37665023864741e-05	0.000605309933869629	0.478759861551225
40.5000000000000	6.15570250287117e-05	0.000603749265092634	0.478757760487497
40.5500000000000	5.95260139862834e-05	0.000601966080139989	0.478755435906351
40.6000000000000	5.77377586552920e-05	0.000599941854184396	0.478752869181335
40.6500000000000	5.61570779085305e-05	0.000597753759128517	0.478750149719417
40.7000000000000	5.48174771914328e-05	0.000595412251479570	0.478747292421758
40.7500000000000	5.36976868300654e-05	0.000592958961348812	0.478744342923164
40.8000000000000	5.27704222179093e-05	0.000590427300866983	0.478741336613894
40.8500000000000	5.20500507097678e-05	0.000587829741863855	0.478738292120397
40.9000000000000	5.14821466429750e-05	0.000585195095659802	0.478735232725740
40.9500000000000	5.10520689944699e-05	0.000582534678564998	0.478732173331082
41	5.07530013750749e-05	0.000579856428079012	0.478729119524360
41.0500000000000	5.05496926480508e-05	0.000577169274226470	0.478726078756154
41.1000000000000	5.04387561116665e-05	0.000574476747409746	0.478723055683076
41.1500000000000	5.03957050971297e-05	0.000571782202360076	0.478720051236451
41.2000000000000	5.03729239945930e-05	0.000569087351714346	0.478717061690986
41.2500000000000	5.03501428920561e-05	0.000566392501068613	0.478714086115360
41.3000000000000	5.03273617895191e-05	0.000563697650422878	0.478711126372218
41.3500000000000	5.03045806869820e-05	0.000561002799777140	0.478708180598915
41.4000000000000	5.02817995844447e-05	0.000558307949131400	0.478705247864127
41.4500000000000	5.02590184819073e-05	0.000555613098485657	0.478702330030501
41.5000000000000	5.02362373793698e-05	0.000552918247839912	0.478699425235391
41.5500000000000	5.02134562768321e-05	0.000550223397194164	0.478696535341442
41.6000000000000	5.01906751742943e-05	0.000547528546548415	0.478693659417331
41.6500000000000	5.01678940717564e-05	0.000544833695902662	0.478690797463059
41.7000000000000	5.01451129692183e-05	0.000542138845256907	0.478687949478626
41.7500000000000	5.01223318666801e-05	0.000539443994611150	0.478685115464032
41.8000000000000	5.00995507641418e-05	0.000536749143965390	0.478682296350598
41.8500000000000	5.00767696616033e-05	0.000534054293319628	0.478679491207004
41.9000000000000	5.00539885590647e-05	0.000531359442673864	0.478676699101925
41.9500000000000	5.00312074565260e-05	0.000528664592028097	0.478673921898007
42	5.00084263539871e-05	0.000525969741382328	0.478671159595251
42.0500000000000	4.99856452514482e-05	0.000523274890736556	0.478668409399688
42.1000000000000	4.99628641489090e-05	0.000520580040090783	0.478665675036609
42.1500000000000	4.99400830463698e-05	0.000517885189445006	0.478662954643369
42.2000000000000	4.99173019438304e-05	0.000515190338799229	0.478660248219967
42.2500000000000	4.98945208412909e-05	0.000512495488153448	0.478657555766404
42.3000000000000	4.98717397387512e-05	0.000509800637507665	0.478654876351357
42.3500000000000	4.98489586362115e-05	0.000507105786861880	0.478652211837471
42.4000000000000	4.98261775336716e-05	0.000504410936216092	0.478649562224746
42.4500000000000	4.98033964311315e-05	0.000501716085570303	0.478646925650537
42.5000000000000	4.97806153285914e-05	0.000499021234924511	0.478644303977489
42.5500000000000	4.97578342260511e-05	0.000496326384278717	0.478641696274281
42.6000000000000	4.97350531235107e-05	0.000493631533632921	0.478639101609588
42.6500000000000	4.97122720209701e-05	0.000490936682987122	0.478636522777379
42.7000000000000	4.96894909184294e-05	0.000488241832341322	0.478633956052363
42.7500000000000	4.96667098158886e-05	0.000485546981695519	0.478631405159831
42.8000000000000	4.96439287133477e-05	0.000482852131049714	0.478628868237138
42.8500000000000	4.96211476108066e-05	0.000480157280403907	0.478626344352961
42.9000000000000	4.95983665082654e-05	0.000477462429758098	0.478623835369945
42.9500000000000	4.95755854057241e-05	0.000474767579112287	0.478621341288090
43	4.95528043031826e-05	0.000472072728466473	0.478618860244751
43.0500000000000	4.95300232006411e-05	0.000469377877820658	0.478616392239928
43.1000000000000	4.95072420980994e-05	0.000466683027174840	0.478613939136267
43.1500000000000	4.94844609955575e-05	0.000463988176529020	0.478611500933766
43.2000000000000	4.94616798930156e-05	0.000461293325883199	0.478609077632427
43.2500000000000	4.94388987904735e-05	0.000458598475237376	0.478606666438282
43.3000000000000	4.94161176879313e-05	0.000455903624591549	0.478604270145297
43.3500000000000	4.93933365853889e-05	0.000453208773945722	0.478601887822151
43.4000000000000	4.93705554828464e-05	0.000450513923299892	0.478599520400167
43.4500000000000	4.93477743803038e-05	0.000447819072654061	0.478597166016698
43.5000000000000	4.93249932777611e-05	0.000445124222008227	0.478594826534390
43.5500000000000	4.93022121752182e-05	0.000442429371362391	0.478592501021922
43.6000000000000	4.92794310726753e-05	0.000439734520716553	0.478590188547969
43.6500000000000	4.92566499701322e-05	0.000437039670070714	0.478587890975177
43.7000000000000	4.92338688675889e-05	0.000434344819424872	0.478585607372224
43.7500000000000	4.92110877650456e-05	0.000431649968779029	0.478583338670433
43.8000000000000	4.91883066625021e-05	0.000428955118133183	0.478581083938479
43.8500000000000	4.91655255599585e-05	0.000426260267487336	0.478578842245042
43.9000000000000	4.91427444574147e-05	0.000423565416841487	0.478576615452766
43.9500000000000	4.91199633548709e-05	0.000420870566195636	0.478574402630329
44	4.90971822523269e-05	0.000418175715549783	0.478572203777730
44.0500000000000	4.90744011497828e-05	0.000415480864903928	0.478570018894970
44.1000000000000	4.90516200472386e-05	0.000412786014258072	0.478567849844694
44.1500000000000	4.90288389446942e-05	0.000410091163612213	0.478565692901611
44.2000000000000	4.90060578421497e-05	0.000407396312966353	0.478563549928367
44.2500000000000	4.89832767396051e-05	0.000404701462320491	0.478561422787607
44.3000000000000	4.89604956370604e-05	0.000402006611674627	0.478559308685362
44.3500000000000	4.89377145345155e-05	0.000399311761028762	0.478557207621634
44.4000000000000	4.89149334319705e-05	0.000396616910382894	0.478555121459067
44.4500000000000	4.88921523294254e-05	0.000393922059737026	0.478553050197661
44.5000000000000	4.88693712268802e-05	0.000391227209091155	0.478550992906094
44.5500000000000	4.88465901243348e-05	0.000388532358445282	0.478548950515687
44.6000000000000	4.88238090217894e-05	0.000385837507799408	0.478546920232475
44.6500000000000	4.88010279192437e-05	0.000383142657153532	0.478544904850423
44.7000000000000	4.87782468166980e-05	0.000380447806507654	0.478542904369533
44.7500000000000	4.87554657141522e-05	0.000377752955861775	0.478540916927159
44.8000000000000	4.87326846116062e-05	0.000375058105215893	0.478538943454623
44.8500000000000	4.87099035090601e-05	0.000372363254570011	0.478536984883249
44.9000000000000	4.86871224065139e-05	0.000369668403924126	0.478535040281713
44.9500000000000	4.86643413039676e-05	0.000366973553278241	0.478533109650016
45	4.86415602014211e-05	0.000364278702632353	0.478531192988157
45.0500000000000	4.86187790988745e-05	0.000361583851986464	0.478529291227460
45.1000000000000	4.85959979963278e-05	0.000358889001340573	0.478527402505279
45.1500000000000	4.85732168937810e-05	0.000356194150694680	0.478525527752936
45.2000000000000	4.85504357912340e-05	0.000353499300048787	0.478523668833077
45.2500000000000	4.85276546886870e-05	0.000350804449402891	0.478521822951734
45.3000000000000	4.85048735861398e-05	0.000348109598756994	0.478519990108907
45.3500000000000	4.84820924835925e-05	0.000345414748111095	0.478518173098564
45.4000000000000	4.84593113810450e-05	0.000342719897465195	0.478516370058060
45.4500000000000	4.84365302784975e-05	0.000340025046819294	0.478514580056071
45.5000000000000	4.84137491759498e-05	0.000337330196173390	0.478512804023922
45.5500000000000	4.83909680734020e-05	0.000334635345527485	0.478511042892933
45.6000000000000	4.83681869708541e-05	0.000331940494881579	0.478509294800460
