0	5.21911585705685e-05	0.00105751104607005	0.479489025659859
0.0500000000000000	5.22953126142918e-05	0.00105481808696455	0.479483510367572
0.100000000000000	5.23994666580153e-05	0.00105212512785905	0.479478009045124
0.150000000000000	5.25036207017388e-05	0.00104943216875355	0.479472520761192
0.200000000000000	5.26077747454623e-05	0.00104673920964804	0.479467048309743
0.250000000000000	5.27119287891860e-05	0.00104404625054252	0.479461588896811
0.300000000000000	5.28160828329097e-05	0.00104135329143701	0.479456144385040
0.350000000000000	5.29202368766334e-05	0.00103866033233148	0.479450712911785
0.400000000000000	5.30243909203572e-05	0.00103596737322595	0.479445296339691
0.450000000000000	5.31285449640811e-05	0.00103327441412042	0.479439893737435
0.500000000000000	5.32237227303925e-05	0.00103058112875643	0.479434504173696
0.550000000000000	5.33179900604341e-05	0.00102788781030104	0.479429127648473
0.600000000000000	5.34122573904757e-05	0.00102519449184565	0.479423766024411
0.650000000000000	5.35065247205174e-05	0.00102250117339025	0.479418418370187
0.700000000000000	5.36007920505591e-05	0.00101980785493485	0.479413082823157
0.750000000000000	5.36950593806008e-05	0.00101711453647944	0.479407764039934
0.800000000000000	5.37893267106426e-05	0.00101442121802403	0.479402458295226
0.850000000000000	5.38835940406844e-05	0.00101172789956861	0.479397166520357
0.900000000000000	5.39778613707263e-05	0.00100903458111319	0.479391889646649
0.950000000000000	5.40690098301195e-05	0.00100634120555011	0.479386626742780
1	5.40462283405587e-05	0.00100364635490817	0.479381361976266
1.05000000000000	5.40234468509979e-05	0.00100095150426623	0.479376111179590
1.10000000000000	5.40006653614368e-05	0.000998256653624277	0.479370874352753
1.15000000000000	5.39778838718756e-05	0.000995561802982324	0.479365653358400
1.20000000000000	5.39551023823142e-05	0.000992866952340366	0.479360446333885
1.25000000000000	5.39394453252714e-05	0.000990172090261371	0.479355251416564
1.30000000000000	5.39791218632029e-05	0.000987477570798519	0.479350079782307
1.35000000000000	5.40953544816082e-05	0.000984785254468322	0.479344934225082
1.40000000000000	5.43205481916191e-05	0.000982099848844652	0.479339826852083
1.45000000000000	5.46543089902872e-05	0.000979425765586865	0.479334766976535
1.50000000000000	5.51212873653555e-05	0.000976771588299659	0.479329772293568
1.55000000000000	5.57518881215100e-05	0.000974151186518193	0.479324872605503
1.60000000000000	5.65473940900214e-05	0.000971575532059610	0.479320091195405
1.65000000000000	5.75585460931521e-05	0.000969076143388823	0.479315489530563
1.70000000000000	5.87824361120345e-05	0.000966672700220600	0.479311108589172
1.75000000000000	6.02218674482310e-05	0.000964390138915659	0.479306991212070
1.80000000000000	6.19174728199373e-05	0.000962288523598129	0.479303257539868
1.85000000000000	6.38290454235551e-05	0.000960379979057042	0.479299925267696
1.90000000000000	6.59451023428035e-05	0.000958696764000271	0.479297052137554
1.95000000000000	6.82328434988598e-05	0.000957251182455746	0.479294657707214
2	7.06418369709893e-05	0.000956014514534442	0.479292682372034
2.05000000000000	7.31558280974301e-05	0.000955004468620754	0.479291155934334
2.10000000000000	7.57400607088114e-05	0.000954186615215965	0.479290011338890
2.15000000000000	7.83715910325396e-05	0.000953533443230595	0.479289191775024
2.20000000000000	8.10399136606306e-05	0.000953047867139868	0.479288702830672
2.25000000000000	8.37275896464535e-05	0.000952682558211554	0.479288453236222
2.30000000000000	8.64285507220012e-05	0.000952430899415822	0.479288431815803
2.35000000000000	8.91371554416587e-05	0.000952278664578110	0.479288607835770
2.40000000000000	9.18489998371489e-05	0.000952200628336466	0.479288936592639
2.45000000000000	9.45619715729452e-05	0.000952175317483984	0.479289378970861
2.50000000000000	9.72749841510864e-05	0.000952152688502319	0.479289839044213
2.55000000000000	9.99879967292273e-05	0.000952130059520652	0.479290313087404
2.60000000000000	0.000102701009307368	0.000952107430538986	0.479290802031755
2.65000000000000	0.000105414021885508	0.000952084801557320	0.479291304945946
2.70000000000000	0.000108127034463647	0.000952062172575654	0.479291821829975
2.75000000000000	0.000110840047041786	0.000952039543593987	0.479292354546487
2.80000000000000	0.000113553059619925	0.000952016914612321	0.479292899370194
2.85000000000000	0.000116266072198063	0.000951994285630655	0.479293459095061
2.90000000000000	0.000118979084776201	0.000951971656648989	0.479294033721089
2.95000000000000	0.000121692097354338	0.000951949027667323	0.479294621385634
3	0.000124405109932475	0.000951926398685657	0.479295223951340
3.05000000000000	0.000127118122510611	0.000951903769703990	0.479295840486884
3.10000000000000	0.000129831135088747	0.000951881140722324	0.479296470992267
3.15000000000000	0.000132544147666882	0.000951858511740658	0.479297116398811
3.20000000000000	0.000135257160245016	0.000951835882758992	0.479297775775194
3.25000000000000	0.000137970172823150	0.000951813253777326	0.479298449121416
3.30000000000000	0.000140683185401283	0.000951790624795659	0.479299137368798
3.35000000000000	0.000143396197979416	0.000951767995813993	0.479299837723374
3.40000000000000	0.000146109210557548	0.000951745366832327	0.479300554841757
3.45000000000000	0.000148822223135680	0.000951722737850661	0.479301284067333
3.50000000000000	0.000151535235713811	0.000951700108868995	0.479302029125392
3.55000000000000	0.000154248248291941	0.000951677479887328	0.479302786290646
3.60000000000000	0.000156961260870070	0.000951654850905662	0.479303560219705
3.65000000000000	0.000159674273448199	0.000951632221923996	0.479304348118603
3.70000000000000	0.000162387286026327	0.000951609592942330	0.479305149056017
3.75000000000000	0.000165100298604455	0.000951586963960664	0.479305964894593
3.80000000000000	0.000167813311182582	0.000951564334978998	0.479306794703007
3.85000000000000	0.000170526323760708	0.000951541705997331	0.479307637549937
3.90000000000000	0.000173239336338833	0.000951519077015665	0.479308496229351
3.95000000000000	0.000175952348916957	0.000951496448033999	0.479309367947280
4	0.000178665361495081	0.000951473819052333	0.479310255497694
4.05000000000000	0.000181378374073204	0.000951451190070667	0.479311155155301
4.10000000000000	0.000184091386651326	0.000951428561089000	0.479312070645392
4.15000000000000	0.000186804399229448	0.000951405932107334	0.479313000105321
4.20000000000000	0.000189517411807569	0.000951383303125668	0.479313942603767
4.25000000000000	0.000192230424385688	0.000951360674144002	0.479314899072051
4.30000000000000	0.000194943436963807	0.000951338045162336	0.479315873235464
4.35000000000000	0.000197656449541925	0.000951315416180669	0.479316858574748
4.40000000000000	0.000200369456861843	0.000951292176060949	0.479317856952548
4.45000000000000	0.000203082462520221	0.000951268742827764	0.479318871162832
4.50000000000000	0.000205795468178598	0.000951245309594579	0.479319897480309
4.55000000000000	0.000208508473836974	0.000951221876361393	0.479320938698947
4.60000000000000	0.000211221479495350	0.000951198443128208	0.479321993887424
4.65000000000000	0.000213934485153724	0.000951175009895023	0.479323063977063
4.70000000000000	0.000216647490812098	0.000951151576661838	0.479324148036540
4.75000000000000	0.000219360496470470	0.000951128143428653	0.479325246065855
4.80000000000000	0.000222073502128842	0.000951104710195468	0.479326358996332
4.85000000000000	0.000224786507787213	0.000951081276962282	0.479327484965324
4.90000000000000	0.000227499513445582	0.000951057843729097	0.479328624904156
4.95000000000000	0.000230212519103951	0.000951034410495912	0.479329780675471
5	0.000232925524762319	0.000951010977262727	0.479330950416625
5.05000000000000	0.000235638530420686	0.000950987544029541	0.479332133196294
5.10000000000000	0.000238351536079051	0.000950964110796356	0.479333329945803
5.15000000000000	0.000241064541737416	0.000950940677563171	0.479334542527795
5.20000000000000	0.000243777551472115	0.000950917738962467	0.479335770010948
5.25000000000000	0.000246490579764398	0.000950897052184145	0.479337014257908
5.30000000000000	0.000249203608056680	0.000950876365405823	0.479338274337351
5.35000000000000	0.000251916636348961	0.000950855678627501	0.479339547455311
5.40000000000000	0.000254629664641241	0.000950834991849179	0.479340834543109
5.45000000000000	0.000257342692933519	0.000950814305070857	0.479342139326036
5.50000000000000	0.000260055721225797	0.000950793618292535	0.479343453422189
5.55000000000000	0.000262768749518073	0.000950772931514213	0.479344784282148
5.60000000000000	0.000265481777810349	0.000950752244735891	0.479346128180623
5.65000000000000	0.000268194806102622	0.000950731557957570	0.479347486980259
5.70000000000000	0.000270907834394895	0.000950710871179248	0.479348862543702
5.75000000000000	0.000273620862687167	0.000950690184400926	0.479350248351693
5.80000000000000	0.000276333890979438	0.000950669497622604	0.479351649060845
5.85000000000000	0.000279046919271707	0.000950648810844282	0.479353065602481
5.90000000000000	0.000281759947563975	0.000950628124065960	0.479354496113956
5.95000000000000	0.000284472975856241	0.000950607437287638	0.479355939663947
6	0.000287186010895332	0.000950586871109321	0.479357399046421
6.05000000000000	0.000289899119112833	0.000950586659893095	0.479358908720315
6.10000000000000	0.000292612227330333	0.000950586448676868	0.479360433295369
6.15000000000000	0.000295325335547832	0.000950586237460642	0.479361972771585
6.20000000000000	0.000298038443765330	0.000950586026244416	0.479363525286317
6.25000000000000	0.000300751551982826	0.000950585815028189	0.479365091770887
6.30000000000000	0.000303464660200320	0.000950585603811963	0.479366674087942
6.35000000000000	0.000306177768417814	0.000950585392595736	0.479368268512189
6.40000000000000	0.000308890876635306	0.000950585181379510	0.479369878768921
6.45000000000000	0.000311603984852796	0.000950584970163284	0.479371503926814
6.50000000000000	0.000314317093070285	0.000950584758947057	0.479373142123222
6.55000000000000	0.000317030201287773	0.000950584547730831	0.479374795220792
6.60000000000000	0.000319743309505260	0.000950584336514604	0.479376461356878
6.65000000000000	0.000322456417722744	0.000950584125298378	0.479378142394125
6.70000000000000	0.000325169525940228	0.000950583914082152	0.479379837401211
6.75000000000000	0.000327882634157710	0.000950583702865925	0.479381546378136
6.80000000000000	0.000330595742375190	0.000950583491649699	0.479383269324899
6.85000000000000	0.000333308850592669	0.000950583280433473	0.479385007172823
6.90000000000000	0.000336021958810147	0.000950583069217246	0.479386759921908
6.95000000000000	0.000338735067027623	0.000950582858001020	0.479388526640832
7	0.000341448175245097	0.000950582646784793	0.479390306398273
7.05000000000000	0.000344161283462570	0.000950582435568567	0.479392100125551
7.10000000000000	0.000346874391680041	0.000950582224352341	0.479393909685314
7.15000000000000	0.000349587499897511	0.000950582013136114	0.479395732283592
7.20000000000000	0.000352300608114979	0.000950581801919888	0.479397568851709
7.25000000000000	0.000355013716332445	0.000950581590703662	0.479399421252310
7.30000000000000	0.000357726824549910	0.000950581379487435	0.479401286691427
7.35000000000000	0.000360439932767374	0.000950581168271209	0.479403166100383
7.40000000000000	0.000363153040984835	0.000950580957054982	0.479405060410500
7.45000000000000	0.000365866149202295	0.000950580745838756	0.479406967759132
7.50000000000000	0.000368579257419754	0.000950580534622530	0.479408890008926
7.55000000000000	0.000371292365637210	0.000950580323406303	0.479410826228559
7.60000000000000	0.000374005473854665	0.000950580112190077	0.479412777349353
7.65000000000000	0.000376718582072119	0.000950579900973850	0.479414743371308
7.70000000000000	0.000379431690289570	0.000950579689757624	0.479416722431779
7.75000000000000	0.000382144798507020	0.000950579478541398	0.479418714530766
7.80000000000000	0.000384857906724468	0.000950579267325171	0.479420722462237
7.85000000000000	0.000387571014941915	0.000950579056108945	0.479422745294869
7.90000000000000	0.000390284123159360	0.000950578844892719	0.479424780234695
7.95000000000000	0.000392997231376802	0.000950578633676492	0.479426831007004
8	0.000395710339594244	0.000950578422460266	0.479428895749152
8.05000000000000	0.000398423447811683	0.000950578211244039	0.479430973529816
8.10000000000000	0.000401136556029120	0.000950578000027813	0.479433067142963
8.15000000000000	0.000403849664246556	0.000950577788811587	0.479435173794627
8.20000000000000	0.000406562772463990	0.000950577577595360	0.479437296278775
8.25000000000000	0.000409275880681422	0.000950577366379134	0.479439430870116
8.30000000000000	0.000411988988898852	0.000950577155162908	0.479441580362618
8.35000000000000	0.000414702097116281	0.000950576943946681	0.479443744756281
8.40000000000000	0.000417415205333707	0.000950576732730455	0.479445922188461
8.45000000000000	0.000420128313551132	0.000950576521514228	0.479448114521801
8.50000000000000	0.000422841421768554	0.000950576310298002	0.479450322687626
8.55000000000000	0.000425554529985975	0.000950576099081776	0.479452542960644
8.60000000000000	0.000428267638203394	0.000950575887865549	0.479454777203500
8.65000000000000	0.000430980746420811	0.000950575676649323	0.479457026347518
8.70000000000000	0.000433693854638226	0.000950575465433096	0.479459288530052
8.75000000000000	0.000436406962855639	0.000950575254216870	0.479461567476392
8.80000000000000	0.000439120071073050	0.000950575043000644	0.479463858529925
8.85000000000000	0.000441833179290458	0.000950574831784417	0.479466164484620
8.90000000000000	0.000444546287507866	0.000950574620568191	0.479468484409153
8.95000000000000	0.000447259395725271	0.000950574409351965	0.479470819234848
9	0.000449972503942673	0.000950574198135738	0.479473168030381
9.05000000000000	0.000452685612160074	0.000950573986919512	0.479475529864430
9.10000000000000	0.000455398720377473	0.000950573775703286	0.479477906599641
9.15000000000000	0.000458111828594870	0.000950573564487059	0.479480298236012
9.20000000000000	0.000460824936812265	0.000950573353270833	0.479482704773545
9.25000000000000	0.000463538045029657	0.000950573142054606	0.479485122486949
9.30000000000000	0.000466251153247048	0.000950572930838380	0.479487557895482
9.35000000000000	0.000468964261464436	0.000950572719622154	0.479490004479885
9.40000000000000	0.000471677369681823	0.000950572508405927	0.479492467828095
9.45000000000000	0.000474390477899207	0.000950572297189701	0.479494943283498
9.50000000000000	0.000477103586116589	0.000950572085973474	0.479497434571385
9.55000000000000	0.000479816694333969	0.000950571874757248	0.479499938897789
9.60000000000000	0.000482529802551346	0.000950571663541022	0.479502458125353
9.65000000000000	0.000485242910768722	0.000950571452324795	0.479504991322756
9.70000000000000	0.000487956018986095	0.000950571241108569	0.479507538489997
9.75000000000000	0.000490669127203466	0.000950571029892343	0.479510100558400
9.80000000000000	0.000493382235420835	0.000950570818676116	0.479512675665319
9.85000000000000	0.000496095343638202	0.000950570607459890	0.479515267536044
9.90000000000000	0.000498808451855566	0.000950570396243663	0.479517871513963
9.95000000000000	0.000501521560072928	0.000950570185027437	0.479520489461720
10	0.000504234648501687	0.000950569973812751	0.479523123241961
10.0500000000000	0.000506947756719045	0.000950569762596525	0.479525769129396
10.1000000000000	0.000509660864936400	0.000950569551380298	0.479528429917991
10.1500000000000	0.000512373973153753	0.000950569340164072	0.479531105607748
10.2000000000000	0.000515087081371104	0.000950569128947846	0.479533794336021
10.2500000000000	0.000517800189588452	0.000950568917731619	0.479536497034133
10.3000000000000	0.000520513297805798	0.000950568706515393	0.479539216496050
10.3500000000000	0.000523226406023142	0.000950568495299167	0.479541949927807
10.4000000000000	0.000525939514240483	0.000950568284082940	0.479544695466757
10.4500000000000	0.000528652622457822	0.000950568072866714	0.479547454975545
10.5000000000000	0.000531365730675158	0.000950567861650487	0.479550229385495
10.5500000000000	0.000534078838892492	0.000950567650434261	0.479553018696606
10.6000000000000	0.000536791947109824	0.000950567439218035	0.479555821977556
10.6500000000000	0.000539505055327153	0.000950567228001808	0.479558640159667
10.7000000000000	0.000542218163544480	0.000950567016785582	0.479561471380293
10.7500000000000	0.000544931271761804	0.000950566805569356	0.479564316570759
10.8000000000000	0.000547644379979126	0.000950566594353129	0.479567175731063
10.8500000000000	0.000550357488196445	0.000950566383136903	0.479570051655173
10.9000000000000	0.000553070596413762	0.000950566171920676	0.479572938755155
10.9500000000000	0.000555783704631077	0.000950565960704450	0.479575841687620
11	0.000558496812848388	0.000950565749488224	0.479578757658601
11.0500000000000	0.000561209921065698	0.000950565538271997	0.479581689462066
11.1000000000000	0.000563923029283004	0.000950565327055771	0.479584635235369
11.1500000000000	0.000566636137500309	0.000950565115839544	0.479587594047189
11.2000000000000	0.000569349245717610	0.000950564904623318	0.479590567760170
11.2500000000000	0.000572062353934909	0.000950564693407092	0.479593555442989
11.3000000000000	0.000574775462152206	0.000950564482190865	0.479596558026969
11.3500000000000	0.000577488570369500	0.000950564270974639	0.479599573649466
11.4000000000000	0.000580201678586791	0.000950564059758412	0.479602604173124
11.4500000000000	0.000582914786804080	0.000950563848542186	0.479605649597943
11.5000000000000	0.000585627895021366	0.000950563637325960	0.479608708061278
11.5500000000000	0.000588341003238649	0.000950563426109733	0.479611781425774
11.6000000000000	0.000591054111455930	0.000950563214893507	0.479614867828786
11.6500000000000	0.000593767219673208	0.000950563003677281	0.479617970064282
11.7000000000000	0.000596480327890483	0.000950562792461054	0.479621085338295
11.7500000000000	0.000599193436107756	0.000950562581244828	0.479624214582145
11.8000000000000	0.000601906544325025	0.000950562370028602	0.479627359658480
11.8500000000000	0.000604619652542293	0.000950562158812375	0.479630516842008
11.9000000000000	0.000607332760759557	0.000950561947596149	0.479633689858019
11.9500000000000	0.000610045868976819	0.000950561736379923	0.479636876843870
12	0.000612758977194078	0.000950561525163696	0.479640077799559
12.0500000000000	0.000615472085411334	0.000950561313947470	0.479643292725086
12.1000000000000	0.000618185193628587	0.000950561102731243	0.479646521620452
12.1500000000000	0.000620898301845838	0.000950560891515017	0.479649766348302
12.2000000000000	0.000623611410063086	0.000950560680298790	0.479653023183346
12.2500000000000	0.000626324518280331	0.000950560469082564	0.479656294919550
12.3000000000000	0.000629037626497573	0.000950560257866338	0.479659580625594
12.3500000000000	0.000631750734714812	0.000950560046650111	0.479662882164121
12.4000000000000	0.000634463842932048	0.000950559835433885	0.479666196741164
12.4500000000000	0.000637176951149282	0.000950559624217658	0.479669525288045
12.5000000000000	0.000639890059366512	0.000950559413001432	0.479672867804766
12.5500000000000	0.000642603167583740	0.000950559201785206	0.479676224291325
12.6000000000000	0.000645316275800965	0.000950558990568979	0.479679596610367
12.6500000000000	0.000648029384018187	0.000950558779352753	0.479682981967926
12.7000000000000	0.000650742492235406	0.000950558568136527	0.479686382226646
12.7500000000000	0.000653455600452622	0.000950558356920300	0.479689795523882
12.8000000000000	0.000656168708669835	0.000950558145704074	0.479693224653602
12.8500000000000	0.000658881816887045	0.000950557934487848	0.479696667753160
12.9000000000000	0.000661594925104252	0.000950557723271621	0.479700122959912
12.9500000000000	0.000664308033321456	0.000950557512055395	0.479703593067825
13	0.000667021141538657	0.000950557300839169	0.479707078076899
13.0500000000000	0.000669734249755855	0.000950557089622942	0.479710577055812
13.1000000000000	0.000672447357973051	0.000950556878406716	0.479714091867209
13.1500000000000	0.000675160466190242	0.000950556667190489	0.479717618785799
13.2000000000000	0.000677873574407431	0.000950556455974263	0.479721161536872
13.2500000000000	0.000680586682624617	0.000950556244758037	0.479724717326462
13.3000000000000	0.000683299790841800	0.000950556033541810	0.479728287085891
13.3500000000000	0.000686012899058980	0.000950555822325584	0.479731872677803
13.4000000000000	0.000688726007276156	0.000950555611109357	0.479735469445586
13.4500000000000	0.000691439115493330	0.000950555399893131	0.479739082977176
13.5000000000000	0.000694152223710500	0.000950555188676905	0.479742710478604
13.5500000000000	0.000696865331927667	0.000950554977460678	0.479746351949871
13.6000000000000	0.000699578440144831	0.000950554766244452	0.479750007390976
13.6500000000000	0.000702291548361992	0.000950554555028226	0.479753676801920
13.7000000000000	0.000705004656579150	0.000950554343811999	0.479757361114025
13.7500000000000	0.000707717764796304	0.000950554132595773	0.479761057533324
13.8000000000000	0.000710430873013455	0.000950553921379546	0.479764771647751
13.8500000000000	0.000713143981230603	0.000950553710163320	0.479768496938050
13.9000000000000	0.000715857089447748	0.000950553498947094	0.479772238060832
13.9500000000000	0.000718570197664890	0.000950553287730867	0.479775993153453
14	0.000721283305882028	0.000950553076514641	0.479779762215912
14.0500000000000	0.000723996414099163	0.000950552865298415	0.479783546179533
14.1000000000000	0.000726709522316295	0.000950552654082188	0.479787342250347
14.1500000000000	0.000729422630533423	0.000950552442865962	0.479791154153645
14.2000000000000	0.000732135738750549	0.000950552231649735	0.479794981889427
14.2500000000000	0.000734848846967670	0.000950552020433509	0.479798821732402
14.3000000000000	0.000737561955184789	0.000950551809217283	0.479802675545216
14.3500000000000	0.000740275063401904	0.000950551598001056	0.479806543327868
14.4000000000000	0.000742988171619016	0.000950551386784830	0.479810426943004
14.4500000000000	0.000745701279836125	0.000950551175568603	0.479814324527979
14.5000000000000	0.000748414388053230	0.000950550964352377	0.479818235151470
14.5500000000000	0.000751127496270331	0.000950550753136151	0.479822160676122
14.6000000000000	0.000753840604487430	0.000950550541919924	0.479826100170612
14.6500000000000	0.000756553712704525	0.000950550330703698	0.479830054566264
14.7000000000000	0.000759266820921616	0.000950550119487472	0.479834022000432
14.7500000000000	0.000761979929138704	0.000950549908271245	0.479838003404439
14.8000000000000	0.000764693037355789	0.000950549697055019	0.479842000640929
14.8500000000000	0.000767406145572870	0.000950549485838793	0.479846010915935
14.9000000000000	0.000770119253789947	0.000950549274622566	0.479850036092103
14.9500000000000	0.000772832362007022	0.000950549063406340	0.479854077100754
15	0.000775545470224092	0.000950548852190113	0.479858129285276
15.0500000000000	0.000778258578441160	0.000950548640973887	0.479862195439637
15.1000000000000	0.000780971686658223	0.000950548429757661	0.479866278357804
15.1500000000000	0.000783684794875283	0.000950548218541434	0.479870373383164
15.2000000000000	0.000786397903092340	0.000950548007325208	0.479874482378364
15.2500000000000	0.000789111011309393	0.000950547796108981	0.479878608137369
15.3000000000000	0.000791824119526442	0.000950547584892755	0.479882746934891
15.3500000000000	0.000794537227743488	0.000950547373676529	0.479886899702251
15.4000000000000	0.000797250335960530	0.000950547162460302	0.479891066439450
15.4500000000000	0.000799963444177569	0.000950546951244076	0.479895248077810
15.5000000000000	0.000802676552394604	0.000950546740027849	0.479899442754686
15.5500000000000	0.000805389660611635	0.000950546528811623	0.479903652332723
15.6000000000000	0.000808102768828663	0.000950546317595397	0.479907875880599
15.6500000000000	0.000810815877045687	0.000950546106379170	0.479912113398314
15.7000000000000	0.000813528985262707	0.000950545895162944	0.479916365817189
15.7500000000000	0.000816242093479724	0.000950545683946718	0.479920631274581
15.8000000000000	0.000818955201696737	0.000950545472730491	0.479924912564456
15.8500000000000	0.000821668309913746	0.000950545261514265	0.479929206892848
15.9000000000000	0.000824381418130752	0.000950545050298039	0.479933517053723
15.9500000000000	0.000827094526347754	0.000950544839081812	0.479937840253115
16	0.000829807634564751	0.000950544627865586	0.479942177422345
16.0500000000000	0.000832520742781746	0.000950544416649359	0.479946528561413
16.1000000000000	0.000835233850998736	0.000950544205433133	0.479950894601643
16.1500000000000	0.000837946959215724	0.000950543994216907	0.479955273680389
16.2000000000000	0.000840660067432706	0.000950543783000680	0.479959668591619
16.2500000000000	0.000843373175649686	0.000950543571784454	0.479964076541364
16.3000000000000	0.000846086283866661	0.000950543360568227	0.479968499392271
16.3500000000000	0.000848799392083632	0.000950543149352001	0.479972937144339
16.4000000000000	0.000851512500300600	0.000950542938135775	0.479977387003601
16.4500000000000	0.000854225608517564	0.000950542726919548	0.479981851764023
16.5000000000000	0.000856938716734524	0.000950542515703322	0.479986331425607
16.5500000000000	0.000859651824951480	0.000950542304487096	0.479990825988352
16.6000000000000	0.000862364933168432	0.000950542093270869	0.479995333589613
16.6500000000000	0.000865078041385380	0.000950541882054643	0.479999855160713
16.7000000000000	0.000867791149602325	0.000950541670838416	0.480004391632974
16.7500000000000	0.000870504257819265	0.000950541459622190	0.480008941143751
16.8000000000000	0.000873217366036201	0.000950541248405964	0.480013506487012
16.8500000000000	0.000875930474253134	0.000950541037189737	0.480018084868789
16.9000000000000	0.000878643582470063	0.000950540825973511	0.480022678151727
16.9500000000000	0.000881356690686987	0.000950540614757285	0.480027286335826
17	0.000884069798903908	0.000950540403541058	0.480031907558441
17.0500000000000	0.000886782907120824	0.000950540192324832	0.480036543682218
17.1000000000000	0.000889496015337737	0.000950539981108605	0.480041192844510
17.1500000000000	0.000892209123554645	0.000950539769892379	0.480045856907964
17.2000000000000	0.000894922231771550	0.000950539558676153	0.480050536803901
17.2500000000000	0.000897635339988450	0.000950539347459926	0.480055227875710
17.3000000000000	0.000900348448205347	0.000950539136243700	0.480059934780002
17.3500000000000	0.000903061556422239	0.000950538925027473	0.480064655654132
17.4000000000000	0.000905774664639127	0.000950538713811247	0.480069390498102
17.4500000000000	0.000908487772856011	0.000950538502595021	0.480074141174555
17.5000000000000	0.000911200881072891	0.000950538291378794	0.480078903958201
17.5500000000000	0.000913913989289767	0.000950538080162568	0.480083681643009
17.6000000000000	0.000916627097506639	0.000950537868946342	0.480088473297656
17.6500000000000	0.000919340205723507	0.000950537657730115	0.480093279853463
17.7000000000000	0.000922053313940370	0.000950537446513889	0.480098100379109
17.7500000000000	0.000924766422157229	0.000950537235297662	0.480102934874594
17.8000000000000	0.000927479460319828	0.000950547406064821	0.480107801966369
17.8500000000000	0.000930191597982181	0.000950614172851898	0.480112787336111
17.9000000000000	0.000932900293708854	0.000950763996762723	0.480117934755981
17.9500000000000	0.000935601122298609	0.000951017188001168	0.480123271234334
18	0.000938289270536690	0.000951379229030220	0.480128799565136
18.0500000000000	0.000940953850777698	0.000951883700107623	0.480134565383196
18.1000000000000	0.000943583683074979	0.000952543085875383	0.480140567757189
18.1500000000000	0.000946165561153055	0.000953368622936258	0.480146804824472
18.2000000000000	0.000948662845498622	0.000954419257887769	0.480153317563236
18.2500000000000	0.000951064446970937	0.000955669764923362	0.480160039849579
18.3000000000000	0.000953330197570309	0.000957148584301342	0.480166950263083
18.3500000000000	0.000955419372112774	0.000958864906790103	0.480173992924392
18.4000000000000	0.000957310230282424	0.000960794059621807	0.480181081220508
18.4500000000000	0.000958957065082238	0.000962933142740575	0.480188123881817
18.5000000000000	0.000960378026641892	0.000965226870500246	0.480195051990449
18.5500000000000	0.000961586674956648	0.000967638151368900	0.480201821774244
18.6000000000000	0.000962556563459338	0.000970154049250713	0.480208357796073
18.6500000000000	0.000963347181016341	0.000972731089117314	0.480214692652226
18.7000000000000	0.000963961908150452	0.000975355182629089	0.480220800265670
18.7500000000000	0.000964419579443725	0.000978011082354793	0.480226691812277
18.8000000000000	0.000964756783788587	0.000980684771022868	0.480232407338917
18.8500000000000	0.000964974105284623	0.000983370798253617	0.480237937532365
18.9000000000000	0.000965098986680021	0.000986062704233303	0.480243319645524
18.9500000000000	0.000965147608752793	0.000988757097996589	0.480248578824103
19	0.000965147821391720	0.000991452043637729	0.480253763496876
19.0500000000000	0.000965148034030646	0.000994146989278863	0.480258961208165
19.1000000000000	0.000965148246669569	0.000996841934919994	0.480264174751937
19.1500000000000	0.000965148459308490	0.000999536880561119	0.480269401334226
19.2000000000000	0.000965148671947409	0.00100223182620224	0.480274643748999
19.2500000000000	0.000965148884586326	0.00100492677184336	0.480279898270965
19.3000000000000	0.000965149097225240	0.00100762171748447	0.480285166762769
19.3500000000000	0.000965149309864153	0.00101031666312558	0.480290451087058
19.4000000000000	0.000965149522503064	0.00101301160876668	0.480295747518539
19.4500000000000	0.000965149735141972	0.00101570655440778	0.480301059782505
19.5000000000000	0.000965149947780878	0.00101840150004888	0.480306385084987
19.5500000000000	0.000965150160419781	0.00102109644568997	0.480311725288630
19.6000000000000	0.000965150373058683	0.00102379139133105	0.480317079462111
19.6500000000000	0.000965150585697583	0.00102648633697213	0.480322446674109
19.7000000000000	0.000965150798336480	0.00102918128261321	0.480327828787267
19.7500000000000	0.000965138856561129	0.00103187608154421	0.480333202518523
19.8000000000000	0.000965072715057593	0.00103457022625640	0.480338487774134
19.8500000000000	0.000964976534169706	0.00103726291250070	0.480343728326261
19.9000000000000	0.000964777842755363	0.00103995062166856	0.480348781682551
19.9500000000000	0.000964543480780588	0.00104263485599359	0.480353776365519
20	0.000964212714834564	0.00104530969913877	0.480358585715294
20.0500000000000	0.000963840787538653	0.00104797850188250	0.480363320559263
20.1000000000000	0.000963378738434985	0.00105063407930927	0.480367875657976
20.1500000000000	0.000962870218094569	0.00105328051107095	0.480372339487076
20.2000000000000	0.000962277991308800	0.00105591046917777	0.480376627296209
20.2500000000000	0.000961634204187976	0.00105852764874665	0.480380808003247
20.3000000000000	0.000960913216652251	0.00106112569522748	0.480384820140898
20.3500000000000	0.000960135839567187	0.00106370681736112	0.480388708412647
20.4000000000000	0.000959287816280173	0.00106626673626007	0.480392433702946
20.4500000000000	0.000958378872260612	0.00106880508926662	0.480396015569568
20.5000000000000	0.000957405842160352	0.00107132075584996	0.480399448424578
20.5500000000000	0.000956367695219144	0.00107380973892914	0.480402717366815
20.6000000000000	0.000955271986328719	0.00107627513433899	0.480405845679343
20.6500000000000	0.000954107335352848	0.00107870827463732	0.480408792383969
20.7000000000000	0.000952891569210469	0.00108111750029212	0.480411611497402
20.7500000000000	0.000951603440989269	0.00108348846962847	0.480414229445159
20.8000000000000	0.000950270526376116	0.00108583576133559	0.480416730977595
20.8500000000000	0.000948862267784586	0.00108813839255420	0.480419012717903
20.9000000000000	0.000947415393765399	0.00109041813430106	0.480421189218760
20.9500000000000	0.000945890663122702	0.00109264643720980	0.480423130095005
21	0.000944333291415792	0.00109485317460049	0.480424978770316
21.0500000000000	0.000942696049041116	0.00109700135145362	0.480426571331918
21.1000000000000	0.000941031905736025	0.00109912980475879	0.480428086593747
21.1500000000000	0.000939286403726071	0.00110119226524431	0.480429328978062
21.2000000000000	0.000937519470368719	0.00110323734203319	0.480430508963764
21.2500000000000	0.000935670241623053	0.00110520871772619	0.480431394651532
21.3000000000000	0.000933804745689690	0.00110716552505048	0.480432236567140
21.3500000000000	0.000931856592212132	0.00110904068329551	0.480432764627039
21.4000000000000	0.000929896996994892	0.00111090453939602	0.480433263815939
21.4500000000000	0.000927854977500980	0.00111267859658259	0.480433435179293
21.5000000000000	0.000925805971429230	0.00111444504209057	0.480433592572808
21.5500000000000	0.000923675388291570	0.00111611337628776	0.480433405376971
21.6000000000000	0.000921541177821666	0.00111777725924468	0.480433215387166
21.6500000000000	0.000919328259279609	0.00111933644781182	0.480432673357427
21.7000000000000	0.000917111471037772	0.00112088992653320	0.480432125739753
21.7500000000000	0.000914824443048685	0.00112233976462460	0.480431242845953
21.8000000000000	0.000912530848631318	0.00112377880951302	0.480430338531733
21.8500000000000	0.000910175183023817	0.00112511582831869	0.480429116636515
21.9000000000000	0.000907810752630090	0.00112643670666241	0.480427857488394
21.9500000000000	0.000905392085451718	0.00112765770729812	0.480426299385726
22	0.000902962972444779	0.00112885699289497	0.480424690060318
22.0500000000000	0.000900487090477485	0.00112995905405576	0.480422799475491
22.1000000000000	0.000897999615474699	0.00113103363604678	0.480420841835439
22.1500000000000	0.000895472442389668	0.00113201412099631	0.480418625287712
22.2000000000000	0.000892933076922796	0.00113296121188643	0.480416325852275
22.2500000000000	0.000890360659107773	0.00113381777476552	0.480413786135614
22.3000000000000	0.000887776008895084	0.00113463491761081	0.480411152355373
22.3500000000000	0.000885164500988087	0.00113536550905002	0.480408295989037
22.4000000000000	0.000882541288861415	0.00113605058379294	0.480405332520604
22.4500000000000	0.000879896939025461	0.00113665345581579	0.480402166023850
22.5000000000000	0.000877241987556084	0.00113720468475235	0.480398882180452
22.5500000000000	0.000874571122530142	0.00113767839495743	0.480395414866507
22.6000000000000	0.000871891336398137	0.00113809434732210	0.480391817167401
22.6500000000000	0.000869200346360092	0.00113843776233410	0.480388056486845
22.7000000000000	0.000866502694512478	0.00113871735799076	0.480384157039225
22.7500000000000	0.000863798017790313	0.00113892965617212	0.480380109511316
22.8000000000000	0.000861089515433829	0.00113907216840160	0.480375917628408
22.8500000000000	0.000858377623101599	0.00113915284181832	0.480371597222984
22.9000000000000	0.000855665012793989	0.00113918901779733	0.480367192067206
22.9500000000000	0.000852951906276457	0.00113919204139764	0.480362723581493
23	0.000850238799758921	0.00113919506499795	0.480358272790909
23.0500000000000	0.000847525693241382	0.00113919808859826	0.480353833176196
23.1000000000000	0.000844812586723838	0.00113920111219857	0.480349410325289
23.1500000000000	0.000842099479781734	0.00113920135056598	0.480344994924963
23.2000000000000	0.000839386372466797	0.00113919914305512	0.480340587906539
23.2500000000000	0.000836673265151857	0.00113919693554425	0.480336194857955
23.3000000000000	0.000833960157836913	0.00113919472803338	0.480331815779209
23.3500000000000	0.000831247050521966	0.00113919252052251	0.480327451601625
23.4000000000000	0.000828534000132392	0.00113919127475835	0.480323103256524
23.4500000000000	0.000825820891915556	0.00113919148597457	0.480318773537874
23.5000000000000	0.000823107783698717	0.00113919169719080	0.480314456857741
23.5500000000000	0.000820394675481873	0.00113919190840702	0.480310155078769
23.6000000000000	0.000817681567265026	0.00113919211962325	0.480305866338313
23.6500000000000	0.000814968459048175	0.00113919233083948	0.480301593430340
23.7000000000000	0.000812255350831321	0.00113919254205570	0.480297332629561
23.7500000000000	0.000809542242614463	0.00113919275327193	0.480293088592589
23.8000000000000	0.000806829134397601	0.00113919296448816	0.480288856662810
23.8500000000000	0.000804116026180736	0.00113919317570438	0.480284639634192
23.9000000000000	0.000801402917963867	0.00113919338692061	0.480280436575413
23.9500000000000	0.000798689809746994	0.00113919359813684	0.480276247486472
24	0.000795976701530118	0.00113919380935306	0.480272074230015
24.0500000000000	0.000793263593313238	0.00113919402056929	0.480267914012074
24.1000000000000	0.000790550485096354	0.00113919423178551	0.480263767763972
24.1500000000000	0.000787837376879467	0.00113919444300174	0.480259635485709
24.2000000000000	0.000785124268662577	0.00113919465421797	0.480255519039929
24.2500000000000	0.000782411160445682	0.00113919486543419	0.480251415632665
24.3000000000000	0.000779698052228785	0.00113919507665042	0.480247326195240
24.3500000000000	0.000776984944011884	0.00113919528786665	0.480243250727654
24.4000000000000	0.000774271835794979	0.00113919549908287	0.480239191092551
24.4500000000000	0.000771558727578070	0.00113919571029910	0.480235144495964
24.5000000000000	0.000768845619361158	0.00113919592151533	0.480231111869216
24.5500000000000	0.000766132511144243	0.00113919613273155	0.480227092280984
24.6000000000000	0.000763419402927324	0.00113919634394778	0.480223089456558
24.6500000000000	0.000760706294710402	0.00113919655516400	0.480219099670649
24.7000000000000	0.000757993186493476	0.00113919676638021	0.480215124785900
24.7500000000000	0.000755280078276547	0.00113919697759555	0.480211162939668
24.8000000000000	0.000752566970059614	0.00113919718880685	0.480207215994597
24.8500000000000	0.000749853861842677	0.00113919740000887	0.480203283950686
24.9000000000000	0.000747140753625736	0.00113919761119224	0.480199364945293
24.9500000000000	0.000744427645408788	0.00113919782235138	0.480195458978415
25	0.000741714537191834	0.00113919803346866	0.480191569775343
25.0500000000000	0.000739001428974874	0.00113919824454168	0.480187694542110
25.1000000000000	0.000736288320757904	0.00113919845554982	0.480183831416070
25.1500000000000	0.000733575212540926	0.00113919866648921	0.480179984122515
25.2000000000000	0.000730862104323938	0.00113919887734288	0.480176150798798
25.2500000000000	0.000728148996106940	0.00113919908810181	0.480172331444919
25.3000000000000	0.000725435887889930	0.00113919929875838	0.480168526060879
25.3500000000000	0.000722722779672907	0.00113919950929490	0.480164736509323
25.4000000000000	0.000720009671455872	0.00113919971971791	0.480160959064961
25.4500000000000	0.000717296563238822	0.00113919992999830	0.480157196521759
25.5000000000000	0.000714583455021760	0.00113920014015595	0.480153448879719
25.5500000000000	0.000711870346804682	0.00113920035016103	0.480149714276195
25.6000000000000	0.000709157238587591	0.00113920056003279	0.480145994573832
25.6500000000000	0.000706444130370484	0.00113920076975447	0.480142289772630
25.7000000000000	0.000703731022153364	0.00113920097933479	0.480138598009944
25.7500000000000	0.000701017913936229	0.00113920118877403	0.480134922079742
25.8000000000000	0.000698304805719080	0.00113920139807003	0.480131257325411
25.8500000000000	0.000695591697501918	0.00113920160723942	0.480127609334886
25.9000000000000	0.000692878589284741	0.00113920181627055	0.480123975314200
25.9500000000000	0.000690165481067553	0.00113920202519259	0.480120355263352
26	0.000687452372850353	0.00113920223399083	0.480116748251021
26.0500000000000	0.000684739264633142	0.00113920244269612	0.480113157071173
26.1000000000000	0.000682026156415920	0.00113920265130538	0.480109578929842
26.1500000000000	0.000679313048198690	0.00113920285983872	0.480106015689671
26.2000000000000	0.000676599939981451	0.00113920306830549	0.480102465488017
26.2500000000000	0.000673886831764205	0.00113920327671897	0.480098931118846
26.3000000000000	0.000671173723546953	0.00113920348509542	0.480095409788191
26.3500000000000	0.000668460615329696	0.00113920369344616	0.480091903358698
26.4000000000000	0.000665747507112435	0.00113920390178806	0.480088410899043
26.4500000000000	0.000663034398895172	0.00113920411013579	0.480084932409227
26.5000000000000	0.000660321290677907	0.00113920431850173	0.480081467889249
26.5500000000000	0.000657608182460642	0.00113920452690492	0.480078018270433
26.6000000000000	0.000654895074243378	0.00113920473535404	0.480074582621455
26.6500000000000	0.000652181966026115	0.00113920494386733	0.480071160942316
26.7000000000000	0.000649468857808856	0.00113920515245525	0.480067753233016
26.7500000000000	0.000646755749591600	0.00113920536112895	0.480064361356199
26.8000000000000	0.000644042641374350	0.00113920556990543	0.480060981586576
26.8500000000000	0.000641329533157104	0.00113920577878342	0.480057615786791
26.9000000000000	0.000638616424939865	0.00113920598779026	0.480054266750813
26.9500000000000	0.000635903316722632	0.00113920619691109	0.480050930753350
27	0.000633190208505409	0.00113920640617735	0.480047608725727
27.0500000000000	0.000630477100288192	0.00113920661557123	0.480044299736619
27.1000000000000	0.000627763992070984	0.00113920682511334	0.480041007511318
27.1500000000000	0.000625050883853784	0.00113920703479547	0.480037728324533
27.2000000000000	0.000622337775636592	0.00113920724462173	0.480034462176263
27.2500000000000	0.000619624667419409	0.00113920745459479	0.480031210929155
27.3000000000000	0.000616911559202234	0.00113920766470181	0.480027975514531
27.3500000000000	0.000614198450985067	0.00113920787495585	0.480024752207100
27.4000000000000	0.000611485342767908	0.00113920808532910	0.480021544732153
27.4500000000000	0.000608772234550756	0.00113920829584171	0.480018349364400
27.5000000000000	0.000606059126333610	0.00113920850646038	0.480015169829130
27.5500000000000	0.000603346018116470	0.00113920871719402	0.480012005195022
27.6000000000000	0.000600632909899335	0.00113920892802119	0.480008852668107
27.6500000000000	0.000597919801682204	0.00113920913893675	0.480005714111030
27.7000000000000	0.000595206693465076	0.00113920934992834	0.480002592317760
27.7500000000000	0.000592493585247951	0.00113920956098174	0.479999484494329
27.8000000000000	0.000589780477030827	0.00113920977209014	0.479996387846768
27.8500000000000	0.000587067368813704	0.00113920998323603	0.479993307963014
27.9000000000000	0.000584354260596580	0.00113921019441486	0.479990242049098
27.9500000000000	0.000581641152379455	0.00113921040561175	0.479987190105021
28	0.000578928044162329	0.00113921061682137	0.479984152130783
28.0500000000000	0.000576214935945200	0.00113921082803599	0.479981127195060
28.1000000000000	0.000573501827728070	0.00113921103925210	0.479978119023144
28.1500000000000	0.000570788719510936	0.00113921125046833	0.479975123889744
28.2000000000000	0.000568075611293799	0.00113921146168455	0.479972141794860
28.2500000000000	0.000565362503076661	0.00113921167290078	0.479969174601138
28.3000000000000	0.000562649394859519	0.00113921188411701	0.479966222308576
28.3500000000000	0.000559936286642375	0.00113921209533323	0.479963283985853
28.4000000000000	0.000557223178425229	0.00113921230654946	0.479960360564292
28.4500000000000	0.000554510070208079	0.00113921251776569	0.479957450181246
28.5000000000000	0.000551796961990928	0.00113921272898191	0.479954552836716
28.5500000000000	0.000549083853773774	0.00113921294019814	0.479951673187315
28.6000000000000	0.000546370745556617	0.00113921315141437	0.479948804713786
28.6500000000000	0.000543657637339458	0.00113921336263059	0.479945952072740
28.7000000000000	0.000540944529122297	0.00113921357384682	0.479943111538887
28.7500000000000	0.000538231420905133	0.00113921378506304	0.479940288700163
28.8000000000000	0.000535518312687967	0.00113921399627927	0.479937477037311
28.8500000000000	0.000532805204470798	0.00113921420749550	0.479934682138264
28.9000000000000	0.000530092096253627	0.00113921441871172	0.479931899346411
28.9500000000000	0.000527378988036453	0.00113921462992795	0.479929130524397
29	0.000524665879819277	0.00113921484114418	0.479926377534866
29.0500000000000	0.000521952771602099	0.00113921505236040	0.479923638515174
29.1000000000000	0.000519239663384918	0.00113921526357663	0.479920911602676
29.1500000000000	0.000516526555167735	0.00113921547479286	0.479918200522661
29.2000000000000	0.000513813446950550	0.00113921568600908	0.479915503412485
29.2500000000000	0.000511100338733362	0.00113921589722531	0.479912822134793
29.3000000000000	0.000508387230516172	0.00113921610844153	0.479910152032971
29.3500000000000	0.000505674122298980	0.00113921631965776	0.479907497763634
29.4000000000000	0.000502961014081785	0.00113921653087399	0.479904858395457
29.4500000000000	0.000500247905864588	0.00113921674209021	0.479902232997119
29.5000000000000	0.000497534797647389	0.00113921695330644	0.479899619705975
29.5500000000000	0.000494821689430187	0.00113921716452267	0.479897022247314
29.6000000000000	0.000492108581212984	0.00113921737573889	0.479894439689815
29.6500000000000	0.000489395472995778	0.00113921758695512	0.479891870170832
29.7000000000000	0.000486682364778569	0.00113921779817135	0.479889315553010
29.7500000000000	0.000483969256561359	0.00113921800938757	0.479886774905026
29.8000000000000	0.000481256148344147	0.00113921822060380	0.479884248226881
29.8500000000000	0.000478543040126932	0.00113921843182002	0.479881736449897
29.9000000000000	0.000475829931909715	0.00113921864303625	0.479879238642752
29.9500000000000	0.000473116823692496	0.00113921885425248	0.479876753874123
30	0.000470403715475275	0.00113921906546870	0.479874284937978
30.0500000000000	0.000467690607258052	0.00113921927668493	0.479871829040349
30.1000000000000	0.000464977499040826	0.00113921948790116	0.479869388043880
30.1500000000000	0.000462264390823599	0.00113921969911738	0.479866960085928
30.2000000000000	0.000459551282606369	0.00113921991033361	0.479864547960460
30.2500000000000	0.000456838174389137	0.00113922012154984	0.479862149804831
30.3000000000000	0.000454125066171904	0.00113922033276606	0.479859764687717
30.3500000000000	0.000451411957954668	0.00113922054398229	0.479857395403087
30.4000000000000	0.000448698849737430	0.00113922075519851	0.479855038225651
30.4500000000000	0.000445985741520190	0.00113922096641474	0.479852696880698
30.5000000000000	0.000443272633302948	0.00113922117763097	0.479850369505584
30.5500000000000	0.000440559525085704	0.00113922138884719	0.479848056100309
30.6000000000000	0.000437846416868458	0.00113922160006342	0.479845755733550
30.6500000000000	0.000435133308651210	0.00113922181127965	0.479843472130597
30.7000000000000	0.000432420200433960	0.00113922202249587	0.479841200634837
30.7500000000000	0.000429707092216709	0.00113922223371210	0.479838944040239
30.8000000000000	0.000426993983999455	0.00113922244492833	0.479836701415479
30.8500000000000	0.000424280875782199	0.00113922265614455	0.479834474623203
30.9000000000000	0.000421567767564941	0.00113922286736078	0.479832259938121
30.9500000000000	0.000418854659347682	0.00113922307857700	0.479830061085522
31	0.000416141551130421	0.00113922328979323	0.479827874340117
31.0500000000000	0.000413428442913157	0.00113922350100946	0.479825703427196
31.1000000000000	0.000410715334695892	0.00113922371222568	0.479823546484113
31.1500000000000	0.000408002226478625	0.00113922392344191	0.479821402579546
31.2000000000000	0.000405289118261356	0.00113922413465814	0.479819275438786
31.2500000000000	0.000402576010044085	0.00113922434587436	0.479817159473896
31.3000000000000	0.000399862901826813	0.00113922455709059	0.479815059341490
31.3500000000000	0.000397149793609538	0.00113922476830682	0.479812973178923
31.4000000000000	0.000394436685392262	0.00113922497952304	0.479810901917517
31.4500000000000	0.000391723577174984	0.00113922519073927	0.479808845557272
31.5000000000000	0.000389010468957705	0.00113922540195549	0.479806800372899
31.5500000000000	0.000386297360740423	0.00113922561317172	0.479804771952331
31.6000000000000	0.000383584252523140	0.00113922582438795	0.479802755638957
31.6500000000000	0.000380871144305855	0.00113922603560417	0.479800754226744
31.7000000000000	0.000378158036088568	0.00113922624682040	0.479798767715693
31.7500000000000	0.000375444927871280	0.00113922645803663	0.479796796105802
31.8000000000000	0.000372731819653990	0.00113922666925285	0.479794837534428
31.8500000000000	0.000370018711436698	0.00113922688046908	0.479792893864214
31.9000000000000	0.000367305603219404	0.00113922709168530	0.479790964163840
31.9500000000000	0.000364592495002109	0.00113922730290153	0.479789048433304
32	0.000361879386784812	0.00113922751411776	0.479787145741284
32.0500000000000	0.000359166278567514	0.00113922772533398	0.479785258881748
32.1000000000000	0.000356453170350214	0.00113922793655021	0.479783386923373
32.1500000000000	0.000353740062132912	0.00113922814776644	0.479781528003514
32.2000000000000	0.000351026953915609	0.00113922835898266	0.479779682122171
32.2500000000000	0.000348313845698304	0.00113922857019889	0.479777853004634
32.3000000000000	0.000345600737480997	0.00113922878141512	0.479776036925614
32.3500000000000	0.000342887629263689	0.00113922899263134	0.479774234816432
32.4000000000000	0.000340174521046380	0.00113922920384757	0.479772446677089
32.4500000000000	0.000337461412829069	0.00113922941506379	0.479770673438907
32.5000000000000	0.000334748304611756	0.00113922962628002	0.479768914170563
32.5500000000000	0.000332035196394442	0.00113922983749625	0.479767168872058
32.6000000000000	0.000329322088177126	0.00113923004871247	0.479765437543392
32.6500000000000	0.000326608979959809	0.00113923025992870	0.479763721115887
32.7000000000000	0.000323895871742491	0.00113923047114493	0.479762017726898
32.7500000000000	0.000321182763525171	0.00113923068236115	0.479760329239070
32.8000000000000	0.000318469655307849	0.00113923089357738	0.479758655652404
32.8500000000000	0.000315756547090526	0.00113923110479361	0.479756996966898
32.9000000000000	0.000313043438873202	0.00113923131600983	0.479755350388587
32.9500000000000	0.000310330330655876	0.00113923152722606	0.479753718711436
33	0.000307617222438549	0.00113923173844228	0.479752101004124
33.0500000000000	0.000304904114221220	0.00113923194965851	0.479750498197973
33.1000000000000	0.000302191006003890	0.00113923216087474	0.479748910292983
33.1500000000000	0.000299477897786558	0.00113923237209096	0.479747334495187
33.2000000000000	0.000296764789569226	0.00113923258330719	0.479745773598552
33.2500000000000	0.000294051681351892	0.00113923279452342	0.479744227603078
33.3000000000000	0.000291338573134556	0.00113923300573964	0.479742696508765
33.3500000000000	0.000288625464917220	0.00113923321695587	0.479741178452969
33.4000000000000	0.000285912356699882	0.00113923342817210	0.479739674367011
33.4500000000000	0.000283199248482542	0.00113923363938832	0.479738185182214
33.5000000000000	0.000280486140265202	0.00113923385060455	0.479736709967256
33.5500000000000	0.000277773032047859	0.00113923406182077	0.479735248722136
33.6000000000000	0.000275059923830517	0.00113923427303700	0.479733801446855
33.6500000000000	0.000272346815613172	0.00113923448425323	0.479732369072735
33.7000000000000	0.000269633707395827	0.00113923469546945	0.479730951599777
33.7500000000000	0.000266920599178480	0.00113923490668568	0.479729546234012
33.8000000000000	0.000264207490961131	0.00113923511790191	0.479728156700730
33.8500000000000	0.000261494382743782	0.00113923532911813	0.479726781137288
33.9000000000000	0.000258781274526432	0.00113923554033436	0.479725418612361
33.9500000000000	0.000256068166309080	0.00113923575155059	0.479724070988596
34	0.000253355058091728	0.00113923596276681	0.479722737334669
34.0500000000000	0.000250641949874373	0.00113923617398304	0.479721419513226
34.1000000000000	0.000247928841657019	0.00113923638519926	0.479720113798976
34.1500000000000	0.000245215733439663	0.00113923659641549	0.479718823917210
34.2000000000000	0.000242502625222305	0.00113923680763172	0.479717547073960
34.2500000000000	0.000239789517004947	0.00113923701884794	0.479716286063194
34.3000000000000	0.000237076408787587	0.00113923723006417	0.479715038090944
34.3500000000000	0.000234363300570227	0.00113923744128040	0.479713804088533
34.4000000000000	0.000231650999011542	0.00113919828857656	0.479712497442961
34.4500000000000	0.000228940146772454	0.00113908841091497	0.479711050167680
34.5000000000000	0.000226229294533365	0.00113897853325338	0.479709616862237
34.5500000000000	0.000223518442294275	0.00113886865559179	0.479708196595311
34.6000000000000	0.000220807590055184	0.00113875877793019	0.479706789366901
34.6500000000000	0.000218096737816091	0.00113864890026860	0.479705399833620
34.7000000000000	0.000215385885576997	0.00113853902260701	0.479704022407532
34.7500000000000	0.000212675033337902	0.00113842914494542	0.479702658951283
34.8000000000000	0.000209964181098806	0.00113831926728383	0.479701311327517
34.8500000000000	0.000207253328859709	0.00113820938962223	0.479699976742268
34.9000000000000	0.000204542476620611	0.00113809951196064	0.479698657058179
34.9500000000000	0.000201831624381511	0.00113798963429905	0.479697351343930
35	0.000199120772142410	0.00113787975663746	0.479696059599519
35.0500000000000	0.000196409919903308	0.00113776987897587	0.479694780893624
35.1000000000000	0.000193699067664206	0.00113766000131428	0.479693518951535
35.1500000000000	0.000190988215425102	0.00113755012365268	0.479692269116640
35.2000000000000	0.000188277363185997	0.00113744024599109	0.479691034182906
35.2500000000000	0.000185566510946891	0.00113733036832950	0.479689813219011
35.3000000000000	0.000182855645409252	0.00113722082326006	0.479688607156277
35.3500000000000	0.000180144559072881	0.00113711680029873	0.479687428101897
35.4000000000000	0.000177433472736508	0.00113701277733740	0.479686263017356
35.4500000000000	0.000174722386400135	0.00113690875437606	0.479685110971332
35.5000000000000	0.000172011300063760	0.00113680473141473	0.479683974757791
35.5500000000000	0.000169300213727384	0.00113670070845340	0.479682852514088
35.6000000000000	0.000166589127391008	0.00113659668549207	0.479681743308902
35.6500000000000	0.000163878041054631	0.00113649266253073	0.479680649936199
35.7000000000000	0.000161166954718252	0.00113638863956940	0.479679569602013
35.7500000000000	0.000158455868381873	0.00113628461660807	0.479678503237665
35.8000000000000	0.000155744782045492	0.00113618059364673	0.479677452705801
35.8500000000000	0.000153033695709112	0.00113607657068540	0.479676415212452
35.9000000000000	0.000150322609372730	0.00113597254772407	0.479675391688943
35.9500000000000	0.000147611523036347	0.00113586852476273	0.479674383066595
36	0.000144900436699963	0.00113576450180140	0.479673387482762
36.0500000000000	0.000142189350363578	0.00113566047884007	0.479672407731414
36.1000000000000	0.000139478264027193	0.00113555645587873	0.479671441949904
36.1500000000000	0.000136767177690807	0.00113545243291740	0.479670488275588
36.2000000000000	0.000134056091354420	0.00113534840995607	0.479669551365078
36.2500000000000	0.000131345005018032	0.00113524438699473	0.479668627493084
36.3000000000000	0.000128632786977326	0.00113517793015183	0.479667800478637
36.3500000000000	0.000125922406731468	0.00113507513112682	0.479666907340288
36.4000000000000	0.000123215918544434	0.00113488698441622	0.479665841907263
36.4500000000000	0.000120521228980428	0.00113457515923940	0.479664520360529
36.5000000000000	0.000117837236534715	0.00113418701819737	0.479663047939539
36.5500000000000	0.000115164994890064	0.00113372271855239	0.479661423712969
36.6000000000000	0.000112515809585494	0.00113314116931431	0.479659561067820
36.6500000000000	0.000109888396082073	0.00113247204851600	0.479657526127994
36.7000000000000	0.000107281238613107	0.00113172856364467	0.479655343107879
36.7500000000000	0.000104702403550714	0.00113089125592795	0.479652974754572
36.8000000000000	0.000102161132223535	0.00112994864549275	0.479650397785008
36.8500000000000	9.96483709014834e-05	0.00112893438598061	0.479647682979703
36.9000000000000	9.71651145582456e-05	0.00112784885682480	0.479644831269980
36.9500000000000	9.47383264937197e-05	0.00112664385963021	0.479641743004322
37	9.23482197643701e-05	0.00112537024897518	0.479638525284827
37.0500000000000	8.99954542979797e-05	0.00112402911278715	0.479635179974139
37.1000000000000	8.76996146057381e-05	0.00112259308128024	0.479631652124226
37.1500000000000	8.54590557660778e-05	0.00112107442977572	0.479627968743444
37.2000000000000	8.32632102908681e-05	0.00111949283172344	0.479624168947339
37.2500000000000	8.11205402550859e-05	0.00111783966516047	0.479620235972106
37.3000000000000	7.90547607658085e-05	0.00111609301219258	0.479616126045585
37.3500000000000	7.70405137680386e-05	0.00111428877130994	0.479611912742257
37.4000000000000	7.50785920851915e-05	0.00111242764958859	0.479607598856092
37.4500000000000	7.32040431113889e-05	0.00111047939705476	0.479603124782443
37.5000000000000	7.13940504370313e-05	0.00110847280946992	0.479598546400666
37.5500000000000	6.96424543764105e-05	0.00110641552392125	0.479593881405890
37.6000000000000	6.79697075577700e-05	0.00110429373515161	0.479589101858437
37.6500000000000	6.63843525418374e-05	0.00110210735022174	0.479584210552275
37.7000000000000	6.48627418614046e-05	0.00109987707708413	0.479579247534275
37.7500000000000	6.34079876064023e-05	0.00109760228873521	0.479574211873114
37.8000000000000	6.20651560583352e-05	0.00109526066051960	0.479569059796631
37.8500000000000	6.07906285251431e-05	0.00109288249870670	0.479563853703439
37.9000000000000	5.95848915277473e-05	0.00109046874507645	0.479558594524860
37.9500000000000	5.84828297976803e-05	0.00108800614507835	0.479553256183863
38	5.74697327587203e-05	0.00108550683925349	0.479547865688801
38.0500000000000	5.65289987581402e-05	0.00108297981552512	0.479542438872159
38.1000000000000	5.56758824349080e-05	0.00108042156682457	0.479536971077323
38.1500000000000	5.49356544830426e-05	0.00107782921247154	0.479531456716359
38.2000000000000	5.42704663202916e-05	0.00107521735746694	0.479525924660265
38.2500000000000	5.36805884573283e-05	0.00107258702555746	0.479520373977721
38.3000000000000	5.32155971176203e-05	0.00106993195488167	0.479514800012112
38.3500000000000	5.28334299737165e-05	0.00106726464954882	0.479509222321212
38.4000000000000	5.25281672838911e-05	0.00106458735804755	0.479503646492958
38.4500000000000	5.23280783772772e-05	0.00106189975117255	0.479498076252639
38.5000000000000	5.22332573856735e-05	0.00105920699451621	0.479492517188191
