0	0.000197396710827694	0.000843516191827753	0.479128803126514
0.0500000000000000	0.000194683698246246	0.000843538820424964	0.479127813130617
0.100000000000000	0.000191970685664796	0.000843561449022175	0.479126837104559
0.150000000000000	0.000189257673083346	0.000843584077619386	0.479125876910985
0.200000000000000	0.000186544660501895	0.000843606706216597	0.479124930687249
0.250000000000000	0.000183831647920443	0.000843629334813808	0.479123998433352
0.300000000000000	0.000181118635338990	0.000843651963411019	0.479123078286648
0.350000000000000	0.000178405622757537	0.000843674592008230	0.479122174903750
0.400000000000000	0.000175692610176082	0.000843697220605441	0.479121286422014
0.450000000000000	0.000172979597594627	0.000843719849202652	0.479120410047472
0.500000000000000	0.000170266585013171	0.000843742477799863	0.479119549505413
0.550000000000000	0.000167553572431715	0.000843765106397074	0.479118701070547
0.600000000000000	0.000164840559850258	0.000843787734994285	0.479117868468165
0.650000000000000	0.000162127547268800	0.000843810363591496	0.479117048904300
0.700000000000000	0.000159414534687341	0.000843832992188707	0.479116243310273
0.750000000000000	0.000156701522105882	0.000843855620785918	0.479115453548729
0.800000000000000	0.000153988509524422	0.000843878249383129	0.479114677757025
0.850000000000000	0.000151275496942961	0.000843900877980340	0.479113915935159
0.900000000000000	0.000148562484361499	0.000843923506577551	0.479113167151809
0.950000000000000	0.000145849471780037	0.000843946135174762	0.479112434200943
1	0.000143136459198575	0.000843968763771973	0.479111715219915
1.05000000000000	0.000140423446617111	0.000843991392369184	0.479111010208726
1.10000000000000	0.000137710434035648	0.000844014020966395	0.479110319167376
1.15000000000000	0.000134997421454183	0.000844036649563607	0.479109641164541
1.20000000000000	0.000132284408872718	0.000844059278160818	0.479108979925513
1.25000000000000	0.000129571396291253	0.000844081906758029	0.479108330793679
1.30000000000000	0.000126858383709786	0.000844104535355240	0.479107696563005
1.35000000000000	0.000124145371128320	0.000844127163952451	0.479107076302171
1.40000000000000	0.000121432358546852	0.000844149792549662	0.479106470942497
1.45000000000000	0.000118719345965385	0.000844172421146873	0.479105879552662
1.50000000000000	0.000116006333383916	0.000844195049744084	0.479105301201344
1.55000000000000	0.000113293320802448	0.000844217678341295	0.479104739613831
1.60000000000000	0.000110580308220978	0.000844240306938506	0.479104190133512
1.65000000000000	0.000107867295639509	0.000844262935535717	0.479103654623032
1.70000000000000	0.000105154283058038	0.000844285564132928	0.479103133082390
1.75000000000000	0.000102441270476568	0.000844308192730139	0.479102628305554
1.80000000000000	9.97282578950968e-05	0.000844330821327350	0.479102135635912
1.85000000000000	9.70152453136254e-05	0.000844353449924561	0.479101657867432
1.90000000000000	9.43022327321535e-05	0.000844376078521772	0.479101194068790
1.95000000000000	9.15892201506813e-05	0.000844398707118983	0.479100744239986
2	8.88762473932713e-05	0.000844385080527201	0.479100248776376
2.05000000000000	8.61648972561654e-05	0.000844292908596214	0.479099640622735
2.10000000000000	8.34578323116194e-05	0.000844116288114464	0.479098907671869
2.15000000000000	8.07611338451032e-05	0.000843823750793210	0.479098000563681
2.20000000000000	7.80812408389981e-05	0.000843406200567065	0.479096905328333
2.25000000000000	7.54263997197987e-05	0.000842853211064903	0.479095607064664
2.30000000000000	7.28190506172512e-05	0.000842110744331928	0.479094018228352
2.35000000000000	7.02703940414098e-05	0.000841190123047323	0.479092160239816
2.40000000000000	6.78098507306039e-05	0.000840058277723292	0.479089984670281
2.45000000000000	6.54737207762149e-05	0.000838691161288638	0.479087456129491
2.50000000000000	6.32781914596838e-05	0.000837110895163999	0.479084610007703
2.55000000000000	6.12834751872207e-05	0.000835288077599859	0.479081407189369
2.60000000000000	5.95140105002563e-05	0.000833247840908100	0.479077894240618
2.65000000000000	5.79560150703992e-05	0.000831043585004888	0.479074154980481
2.70000000000000	5.66520149856695e-05	0.000828681796774595	0.479070202447474
2.75000000000000	5.55502303715084e-05	0.000826220467333178	0.479066125117242
2.80000000000000	5.46552467641638e-05	0.000823677569863965	0.479061955586076
2.85000000000000	5.39504061499364e-05	0.000821075905871513	0.479057723656297
2.90000000000000	5.33955284353290e-05	0.000818438467056106	0.479053466580808
2.95000000000000	5.29876547047298e-05	0.000815774573448276	0.479049195535481
3	5.26979489443820e-05	0.000813095331114309	0.479044926352799
3.05000000000000	5.25042292022894e-05	0.000810407460720851	0.479040667414665
3.10000000000000	5.24058018534722e-05	0.000807714404181424	0.479036425240338
3.15000000000000	5.23670685178550e-05	0.000805019794037229	0.479032198898494
3.20000000000000	5.23442874153304e-05	0.000802324943391762	0.479027989320457
3.25000000000000	5.23215063128056e-05	0.000799630092746291	0.479023793712258
3.30000000000000	5.22987252102807e-05	0.000796935242100817	0.479019611142576
3.35000000000000	5.22759441077557e-05	0.000794240391455339	0.479015442542732
3.40000000000000	5.22531630052305e-05	0.000791545540809858	0.479011288844049
3.45000000000000	5.22303819027052e-05	0.000788850690164373	0.479007149115205
3.50000000000000	5.22076008001797e-05	0.000786155839518885	0.479003024287522
3.55000000000000	5.21848196976541e-05	0.000783460988873393	0.478998913429678
3.60000000000000	5.21620385951283e-05	0.000780766138227898	0.478994815610349
3.65000000000000	5.21392574926024e-05	0.000778071287582399	0.478990731760860
3.70000000000000	5.21164763900764e-05	0.000775376436936897	0.478986662812531
3.75000000000000	5.20936952875502e-05	0.000772681586291391	0.478982608765364
3.80000000000000	5.20709141850238e-05	0.000769986735645882	0.478978567756712
3.85000000000000	5.20481330824974e-05	0.000767291885000370	0.478974539786577
3.90000000000000	5.20253519799707e-05	0.000764597034354854	0.478970527648926
3.95000000000000	5.20025708774439e-05	0.000761902183709335	0.478966529481113
4	5.19797897749170e-05	0.000759207333063813	0.478962545283139
4.05000000000000	5.19570086723899e-05	0.000756512482418287	0.478958574123681
4.10000000000000	5.19342275698627e-05	0.000753817631772757	0.478954618796706
4.15000000000000	5.19114464673353e-05	0.000751122781127225	0.478950676508248
4.20000000000000	5.18886653648079e-05	0.000748427930481689	0.478946749120951
4.25000000000000	5.18658842622802e-05	0.000745733079836150	0.478942834772170
4.30000000000000	5.18431031597524e-05	0.000743038229190608	0.478938934393227
4.35000000000000	5.18203220572245e-05	0.000740343378545062	0.478935048915446
4.40000000000000	5.17975409546964e-05	0.000737648527899513	0.478931178338826
4.45000000000000	5.17747598521682e-05	0.000734953677253960	0.478927319869399
4.50000000000000	5.17519787496398e-05	0.000732258826608405	0.478923476301134
4.55000000000000	5.17291976471113e-05	0.000729563975962846	0.478919647634029
4.60000000000000	5.17064165445826e-05	0.000726869125317284	0.478915832936764
4.65000000000000	5.16836354420539e-05	0.000724174274671719	0.478912032209337
4.70000000000000	5.16608543395250e-05	0.000721479424026150	0.478908244520426
4.75000000000000	5.16806656593601e-05	0.000718784664541160	0.478904476389289
4.80000000000000	5.17776185817693e-05	0.000716091618205930	0.478900733403862
4.85000000000000	5.19601210981278e-05	0.000713402962944436	0.478897016495466
4.90000000000000	5.22660508747488e-05	0.000710725530976531	0.478893344290555
4.95000000000000	5.26928800297750e-05	0.000708064592579809	0.478889718651772
5	5.32653238298780e-05	0.000705431011135627	0.478886160999537
5.05000000000000	5.40216408077817e-05	0.000702843739114207	0.478882700204849
5.10000000000000	5.49584549300104e-05	0.000700315711458467	0.478879353031516
5.15000000000000	5.61191073110289e-05	0.000697881535843572	0.478876171633601
5.20000000000000	5.75066543023301e-05	0.000695567740043317	0.478873191401362
5.25000000000000	5.91087243993385e-05	0.000693394740990284	0.478870439343154
5.30000000000000	6.09663836236003e-05	0.000691433759523436	0.478868016973138
5.35000000000000	6.30294829480403e-05	0.000689686692237231	0.478865919634700
5.40000000000000	6.52635937868450e-05	0.000688161100550087	0.478864153847098
5.45000000000000	6.76470404547572e-05	0.000686876586625778	0.478862743824720
5.50000000000000	7.01295335678641e-05	0.000685792288947830	0.478861628100276
5.55000000000000	7.26961158728135e-05	0.000684921899116697	0.478860822506249
5.60000000000000	7.53174986253505e-05	0.000684230023446747	0.478860276751220
5.65000000000000	7.79743018570023e-05	0.000683686175274416	0.478859947063029
5.70000000000000	8.06581274137330e-05	0.000683293500670389	0.478859836235642
5.75000000000000	8.33559909992665e-05	0.000683010991485429	0.478859887458384
5.80000000000000	8.60625683766124e-05	0.000682827351963501	0.478860086761415
5.85000000000000	8.87738919773173e-05	0.000682733209421411	0.478860419243574
5.90000000000000	9.14866994852803e-05	0.000682697159984689	0.478860842995346
5.95000000000000	9.41997120668552e-05	0.000682674531387476	0.478861300274730
6	9.69127246484298e-05	0.000682651902790263	0.478861769661307
6.05000000000000	9.96257372300039e-05	0.000682629274193051	0.478862254880369
6.10000000000000	0.000102338749811578	0.000682606645595838	0.478862753137946
6.15000000000000	0.000105051762393151	0.000682584016998625	0.478863265365362
6.20000000000000	0.000107764774974723	0.000682561388401412	0.478863794356585
6.25000000000000	0.000110477787556296	0.000682538759804200	0.478864334523678
6.30000000000000	0.000113190800137868	0.000682516131206987	0.478864889591932
6.35000000000000	0.000115903812719439	0.000682493502609774	0.478865459561348
6.40000000000000	0.000118616825301010	0.000682470874012561	0.478866044431925
6.45000000000000	0.000121329837882580	0.000682448245415349	0.478866641409695
6.50000000000000	0.000124042850464150	0.000682425616818136	0.478867254219949
6.55000000000000	0.000126755863045719	0.000682402988220923	0.478867881000042
6.60000000000000	0.000129468875627288	0.000682380359623711	0.478868522681296
6.65000000000000	0.000132181888208856	0.000682357731026498	0.478869176469743
6.70000000000000	0.000134894900790424	0.000682335102429285	0.478869847021997
6.75000000000000	0.000137607913371991	0.000682312473832072	0.478870530612767
6.80000000000000	0.000140320925953557	0.000682289845234860	0.478871227242053
6.85000000000000	0.000143033938535123	0.000682267216637647	0.478871938772500
6.90000000000000	0.000145746951116688	0.000682244588040434	0.478872666135430
6.95000000000000	0.000148459963698253	0.000682221959443221	0.478873405605555
7	0.000151172976279817	0.000682199330846008	0.478874159976840
7.05000000000000	0.000153885988861380	0.000682176702248796	0.478874927386642
7.10000000000000	0.000156599001442942	0.000682154073651583	0.478875711560249
7.15000000000000	0.000159312014024504	0.000682131445054370	0.478876508772373
7.20000000000000	0.000162025026606065	0.000682108816457158	0.478877319954336
7.25000000000000	0.000164738039187626	0.000682086187859945	0.478878146037459
7.30000000000000	0.000167451051769186	0.000682063559262732	0.478878984227777
7.35000000000000	0.000170164064350745	0.000682040930665519	0.478879838250577
7.40000000000000	0.000172877076932303	0.000682018302068307	0.478880706243217
7.45000000000000	0.000175590089513861	0.000681995673471094	0.478881589137018
7.50000000000000	0.000178303102095417	0.000681973044873881	0.478882485069335
7.55000000000000	0.000181016114676973	0.000681950416276669	0.478883394971490
7.60000000000000	0.000183729127258528	0.000681927787679456	0.478884320706129
7.65000000000000	0.000186442139840083	0.000681905159082243	0.478885259479284
7.70000000000000	0.000189155152421636	0.000681882530485030	0.478886213153601
7.75000000000000	0.000191868165003189	0.000681859901887818	0.478887179866433
7.80000000000000	0.000194581177584741	0.000681837273290605	0.478888161480427
7.85000000000000	0.000197293970146649	0.000681799497928924	0.478889138437808
7.90000000000000	0.000200006510609953	0.000681744367397807	0.478890104219317
7.95000000000000	0.000202719051073256	0.000681689236866690	0.478891085833311
8	0.000205431591536558	0.000681634106335573	0.478892080485821
8.05000000000000	0.000208144131999859	0.000681578975804456	0.478893090039492
8.10000000000000	0.000210856672463159	0.000681523845273339	0.478894114494324
8.15000000000000	0.000213569212926458	0.000681468714742222	0.478895151987672
8.20000000000000	0.000216281773353275	0.000681414573785472	0.478896205313504
8.25000000000000	0.000218994359728937	0.000681361719090528	0.478897275403142
8.30000000000000	0.000221706946104597	0.000681308864395583	0.478898358531296
8.35000000000000	0.000224419532480257	0.000681256009700638	0.478899456560612
8.40000000000000	0.000227132118855915	0.000681203155005693	0.478900569491088
8.45000000000000	0.000229844705231573	0.000681150300310748	0.478901694528759
8.50000000000000	0.000232557291607229	0.000681097445615804	0.478902835398912
8.55000000000000	0.000235270337749508	0.000681096611013552	0.478904058225453
8.60000000000000	0.000237983445967246	0.000681096400181795	0.478905297815800
8.65000000000000	0.000240696554184982	0.000681096189350039	0.478906551375985
8.70000000000000	0.000243409662402717	0.000681095978518283	0.478907817974687
8.75000000000000	0.000246122770620452	0.000681095767686526	0.478909097611904
8.80000000000000	0.000248835878838185	0.000681095556854770	0.478910394012928
8.85000000000000	0.000251548987055917	0.000681095346023013	0.478911703452468
8.90000000000000	0.000254262095273647	0.000681095135191257	0.478913027793169
8.95000000000000	0.000256975203491377	0.000681094924359501	0.478914365172386
9	0.000259688311709105	0.000681094713527744	0.478915719315410
9.05000000000000	0.000262401419926833	0.000681094502695988	0.478917085565627
9.10000000000000	0.000265114528144559	0.000681094291864232	0.478918465785682
9.15000000000000	0.000267827636362284	0.000681094081032475	0.478919860906899
9.20000000000000	0.000270540744580007	0.000681093870200719	0.478921269997954
9.25000000000000	0.000273253852797730	0.000681093659368962	0.478922693058848
9.30000000000000	0.000275966961015451	0.000681093448537206	0.478924131020904
9.35000000000000	0.000278680069233171	0.000681093237705450	0.478925582952797
9.40000000000000	0.000281393177450890	0.000681093026873694	0.478927047923207
9.45000000000000	0.000284106285668607	0.000681092816041937	0.478928528726101
9.50000000000000	0.000286819393886323	0.000681092605210181	0.478930022567511
9.55000000000000	0.000289532502104038	0.000681092394378424	0.478931532241404
9.60000000000000	0.000292245610321752	0.000681092183546668	0.478933054022491
9.65000000000000	0.000294958718539464	0.000681091972714912	0.478934591636062
9.70000000000000	0.000297671826757175	0.000681091761883155	0.478936143219471
9.75000000000000	0.000300384934974884	0.000681091551051399	0.478937708772719
9.80000000000000	0.000303098043192592	0.000681091340219643	0.478939287364483
9.85000000000000	0.000305811151410299	0.000681091129387886	0.478940880857408
9.90000000000000	0.000308524259628005	0.000681090918556130	0.478942489251494
9.95000000000000	0.000311237367845709	0.000681090707724373	0.478944111615419
10	0.000313950476063411	0.000681090496892617	0.478945749811828
10.0500000000000	0.000316663584281112	0.000681090286060861	0.478947399184108
10.1000000000000	0.000319376692498812	0.000681090075229104	0.478949064388871
10.1500000000000	0.000322089800716510	0.000681089864397348	0.478950742632151
10.2000000000000	0.000324802908934207	0.000681089653565592	0.478952435776591
10.2500000000000	0.000327516017151902	0.000681089442733835	0.478954143822193
10.3000000000000	0.000330229125369597	0.000681089231902079	0.478955865837634
10.3500000000000	0.000332942233587289	0.000681089021070322	0.478957601822913
10.4000000000000	0.000335655341804980	0.000681088810238566	0.478959351778030
10.4500000000000	0.000338368450022669	0.000681088599406810	0.478961115702987
10.5000000000000	0.000341081558240357	0.000681088388575053	0.478962892666459
10.5500000000000	0.000343794666458043	0.000681088177743297	0.478964686393738
10.6000000000000	0.000346507774675728	0.000681087966911541	0.478966494090855
10.6500000000000	0.000349220882893411	0.000681087756079784	0.478968314826489
10.7000000000000	0.000351933991111093	0.000681087545248028	0.478970151394606
10.7500000000000	0.000354647099328773	0.000681087334416272	0.478972000069916
10.8000000000000	0.000357360207546451	0.000681087123584515	0.478973863646388
10.8500000000000	0.000360073315764128	0.000681086912752759	0.478975740261376
10.9000000000000	0.000362786423981803	0.000681086701921003	0.478977633640170
10.9500000000000	0.000365499532199476	0.000681086491089246	0.478979540988803
11	0.000368212640417148	0.000681086280257490	0.478981461375952
11.0500000000000	0.000370925748634818	0.000681086069425733	0.478983395732939
11.1000000000000	0.000373638856852487	0.000681085858593977	0.478985344991088
11.1500000000000	0.000376351965070154	0.000681085647762221	0.478987307287753
11.2000000000000	0.000379065073287819	0.000681085436930464	0.478989284485579
11.2500000000000	0.000381778181505482	0.000681085226098708	0.478991276584566
11.3000000000000	0.000384491289723144	0.000681085015266952	0.478993281722069
11.3500000000000	0.000387204397940804	0.000681084804435195	0.478995302692056
11.4000000000000	0.000389917506158462	0.000681084593603439	0.478997336700559
11.4500000000000	0.000392630614376118	0.000681084382771683	0.478999385610223
11.5000000000000	0.000395343722593773	0.000681084171939926	0.479001447558403
11.5500000000000	0.000398056830811426	0.000681083961108170	0.479003526270390
11.6000000000000	0.000400769939029077	0.000681083750276413	0.479005616158247
11.6500000000000	0.000403483047246726	0.000681083539444657	0.479007720947266
11.7000000000000	0.000406196155464373	0.000681083328612901	0.479009839706123
11.7500000000000	0.000408909263682019	0.000681083117781144	0.479011974297464
11.8000000000000	0.000411622371899662	0.000681082906949388	0.479014122858644
11.8500000000000	0.000414335480117304	0.000681082696117632	0.479016284458339
11.9000000000000	0.000417048588334944	0.000681082485285875	0.479018460959196
11.9500000000000	0.000419761696552582	0.000681082274454119	0.479020651429892
12	0.000422474804770218	0.000681082063622362	0.479022855870426
12.0500000000000	0.000425187912987852	0.000681081852790606	0.479025073349476
12.1000000000000	0.000427901021205485	0.000681081641958850	0.479027306661010
12.1500000000000	0.000430614129423115	0.000681081431127093	0.479029554873705
12.2000000000000	0.000433327237640744	0.000681081220295337	0.479031816124916
12.2500000000000	0.000436040345858370	0.000681081009463581	0.479034091345966
12.3000000000000	0.000438753454075994	0.000681080798631824	0.479036382399499
12.3500000000000	0.000441466562293617	0.000681080587800068	0.479038686491549
12.4000000000000	0.000444179670511238	0.000681080376968312	0.479041004553437
12.4500000000000	0.000446892778728856	0.000681080166136555	0.479043337516487
12.5000000000000	0.000449605886946472	0.000681079955304799	0.479045683518052
12.5500000000000	0.000452318995164087	0.000681079744473043	0.479048045352101
12.6000000000000	0.000455032103381699	0.000681079533641286	0.479050419293344
12.6500000000000	0.000457745211599310	0.000681079322809530	0.479052809067071
12.7000000000000	0.000460458319816918	0.000681079111977773	0.479055212810636
12.7500000000000	0.000463171428034524	0.000681078901146017	0.479057630524039
12.8000000000000	0.000465884536252128	0.000681078690314261	0.479060062207282
12.8500000000000	0.000468597644469730	0.000681078479482504	0.479062508791685
12.9000000000000	0.000471310752687330	0.000681078268650748	0.479064970277250
12.9500000000000	0.000474023860904928	0.000681078057818992	0.479067443870008
13	0.000476736969122523	0.000681077846987235	0.479069932363927
13.0500000000000	0.000479450077340116	0.000681077636155479	0.479072435759008
13.1000000000000	0.000482163185557708	0.000681077425323723	0.479074953123927
13.1500000000000	0.000484876293775297	0.000681077214491966	0.479077484458685
13.2000000000000	0.000487589401992884	0.000681077003660210	0.479080029763281
13.2500000000000	0.000490302510210468	0.000681076792828454	0.479082589037716
13.3000000000000	0.000493015618428050	0.000681076581996697	0.479085163213313
13.3500000000000	0.000495728726645631	0.000681076371164941	0.479087751358748
13.4000000000000	0.000498441834863208	0.000681076160333184	0.479090353474021
13.4500000000000	0.000501154943080784	0.000681075949501428	0.479092971421778
13.5000000000000	0.000503868051298358	0.000681075738669672	0.479095602408052
13.5500000000000	0.000506581159515928	0.000681075527837915	0.479098248295486
13.6000000000000	0.000509294267733498	0.000681075317006159	0.479100906290114
13.6500000000000	0.000512007375951064	0.000681075106174403	0.479103579185903
13.7000000000000	0.000514720484168628	0.000681074895342646	0.479106266982853
13.7500000000000	0.000517433592386190	0.000681074684510890	0.479108968749642
13.8000000000000	0.000520146700603750	0.000681074473679134	0.479111685417593
13.8500000000000	0.000522859808821307	0.000681074262847377	0.479114416055381
13.9000000000000	0.000525572917038861	0.000681074052015621	0.479117160663009
13.9500000000000	0.000528286025256414	0.000681073841183865	0.479119919240475
14	0.000530999133473964	0.000681073630352108	0.479122691787779
14.0500000000000	0.000533712241691512	0.000681073419520352	0.479125479236245
14.1000000000000	0.000536425349909057	0.000681073208688595	0.479128279723227
14.1500000000000	0.000539138458126600	0.000681072997856839	0.479131096042693
14.2000000000000	0.000541851566344140	0.000681072787025082	0.479133925400674
14.2500000000000	0.000544564674561678	0.000681072576193326	0.479136768728495
14.3000000000000	0.000547277782779213	0.000681072365361570	0.479139626957476
14.3500000000000	0.000549990890996746	0.000681072154529813	0.479142500087619
14.4000000000000	0.000552703999214276	0.000681071943698057	0.479145387187600
14.4500000000000	0.000555417107431804	0.000681071732866301	0.479148287326098
14.5000000000000	0.000558130215649330	0.000681071522034544	0.479151203297079
14.5500000000000	0.000560843323866853	0.000681071311202788	0.479154131375253
14.6000000000000	0.000563556432084373	0.000681071100371032	0.479157075285912
14.6500000000000	0.000566269540301891	0.000681070889539275	0.479160033166409
14.7000000000000	0.000568982648519406	0.000681070678707519	0.479163005016744
14.7500000000000	0.000571695756736919	0.000681070467875763	0.479165989905596
14.8000000000000	0.000574408864954429	0.000681070257044013	0.479168990626931
14.8500000000000	0.000577121973171936	0.000681070046212597	0.479172005318105
14.9000000000000	0.000579835081389441	0.000681069835383596	0.479175033047795
14.9500000000000	0.000582548189606945	0.000681069624562345	0.479178076609969
15	0.000585261297824446	0.000681069413754192	0.479181132279336
15.0500000000000	0.000587974406041947	0.000681069202971856	0.479184204712510
15.1000000000000	0.000590687514259447	0.000681068992219882	0.479187289252877
15.1500000000000	0.000593400622476949	0.000681068781516128	0.479190389625728
15.2000000000000	0.000596113730694452	0.000681068570865339	0.479193503968418
15.2500000000000	0.000598826838911958	0.000681068360284713	0.479196631349623
15.3000000000000	0.000601539947129468	0.000681068149782891	0.479199773631990
15.3500000000000	0.000604253055346981	0.000681067939370345	0.479202930815518
15.4000000000000	0.000606966163564501	0.000681067729063185	0.479206101037562
15.4500000000000	0.000609679271782025	0.000681067518859776	0.479209286160767
15.5000000000000	0.000612392379999557	0.000681067308786888	0.479212486185133
15.5500000000000	0.000615105488217096	0.000681067098829278	0.479215698316693
15.6000000000000	0.000617818596434643	0.000681066889018591	0.479218925349414
15.6500000000000	0.000620531704652198	0.000681066679336011	0.479222168214619
15.7000000000000	0.000623244812869761	0.000681066469802511	0.479225424118340
15.7500000000000	0.000625957921087332	0.000681066260408978	0.479228694923222
15.8000000000000	0.000628671029304912	0.000681066051159821	0.479231977835298
15.8500000000000	0.000631384137522501	0.000681065842056816	0.479235276579857
15.9000000000000	0.000634097245740096	0.000681065633087450	0.479238589294255
15.9500000000000	0.000636810353957701	0.000681065424263826	0.479241915978491
16	0.000639523462175312	0.000681065215558322	0.479245257563889
16.0500000000000	0.000642236570392931	0.000681065006990716	0.479248614050448
16.1000000000000	0.000644949678610555	0.000681064798527215	0.479251982644200
16.1500000000000	0.000647662786828185	0.000681064590176402	0.479255365207791
16.2000000000000	0.000650375895045818	0.000681064381916165	0.479258763603866
16.2500000000000	0.000653089003263456	0.000681064173740720	0.479262176901102
16.3000000000000	0.000655802111481096	0.000681063965636374	0.479265603236854
16.3500000000000	0.000658515219698737	0.000681063757587849	0.479269044473767
16.4000000000000	0.000661228327916379	0.000681063549585449	0.479272498749197
16.4500000000000	0.000663941436134021	0.000681063341610337	0.479275966063142
16.5000000000000	0.000666654544351660	0.000681063133651652	0.479279450140893
16.5500000000000	0.000669367652569297	0.000681062925693037	0.479282947257161
16.6000000000000	0.000672080760786929	0.000681062717718479	0.479286459274590
16.6500000000000	0.000674793869004556	0.000681062509716560	0.479289985261858
16.7000000000000	0.000677506977222176	0.000681062301669397	0.479293525218964
16.7500000000000	0.000680220085439789	0.000681062093565924	0.479297081008554
16.8000000000000	0.000682933193657393	0.000681061885392587	0.479300647974014
16.8500000000000	0.000685646301874988	0.000681061677133575	0.479304230771959
16.9000000000000	0.000688359410092573	0.000681061468785525	0.479307826608419
16.9500000000000	0.000691072518310145	0.000681061260323548	0.479311439208686
17	0.000693785626527707	0.000681061051757674	0.479315063916147
17.0500000000000	0.000696498734745255	0.000681060843055483	0.479318704456091
17.1000000000000	0.000699211842962790	0.000681060634233672	0.479322357103229
17.1500000000000	0.000701924951180311	0.000681060425268072	0.479326024651527
17.2000000000000	0.000704638059397818	0.000681060216167003	0.479329707100987
17.2500000000000	0.000707351167615311	0.000681060006921770	0.479333403520286
17.3000000000000	0.000710064275832789	0.000681059797530206	0.479337113909423
17.3500000000000	0.000712777384050252	0.000681059588000608	0.479340838268399
17.4000000000000	0.000715490492267702	0.000681059378319942	0.479344577528536
17.4500000000000	0.000718203600485137	0.000681059168512957	0.479348330758512
17.5000000000000	0.000720916708702558	0.000681058958557118	0.479352098889649
17.5500000000000	0.000723629816919966	0.000681058748485935	0.479355880059302
17.6000000000000	0.000726342925137361	0.000681058538285709	0.479359675198793
17.6500000000000	0.000729056033354746	0.000681058327980012	0.479363485239446
17.7000000000000	0.000731769141572117	0.000681058117570103	0.479367310181260
17.7500000000000	0.000734482249789479	0.000681057907069446	0.479371148161590
17.8000000000000	0.000737195358006831	0.000681057696490823	0.479375000111759
17.8500000000000	0.000739908466224174	0.000681057485840870	0.479378867894411
17.9000000000000	0.000742621574441510	0.000681057275138457	0.479382747784257
17.9500000000000	0.000745334682658839	0.000681057064386993	0.479386643506587
18	0.000748047790876161	0.000681056853605066	0.479390553198755
18.0500000000000	0.000750760899093478	0.000681056642797456	0.479394476860762
18.1000000000000	0.000753474007310791	0.000681056431976358	0.479398414492607
18.1500000000000	0.000756187115528100	0.000681056221147490	0.479402366094291
18.2000000000000	0.000758900223745405	0.000681056010316087	0.479406331665814
18.2500000000000	0.000761613331962707	0.000681055799484339	0.479410313069820
18.3000000000000	0.000764326440180005	0.000681055588652582	0.479414307512343
18.3500000000000	0.000767039548397300	0.000681055377820826	0.479418315924704
18.4000000000000	0.000769752656614591	0.000681055166989070	0.479422339238226
18.4500000000000	0.000772465764831879	0.000681054956157313	0.479426375590265
18.5000000000000	0.000775178873049163	0.000681054745325557	0.479430428706110
18.5500000000000	0.000777891981266444	0.000681054534493800	0.479434492066503
18.6000000000000	0.000780605089483722	0.000681054323662044	0.479438573122025
18.6500000000000	0.000783318197700996	0.000681054112830288	0.479442668147385
18.7000000000000	0.000786031305918266	0.000681053901998531	0.479446776211262
18.7500000000000	0.000788744414135532	0.000681053691166775	0.479450897313654
18.8000000000000	0.000791457522352795	0.000681053480335019	0.479455035179853
18.8500000000000	0.000794170630570055	0.000681053269503262	0.479459184221923
18.9000000000000	0.000796883738787311	0.000681053058671506	0.479463350959122
18.9500000000000	0.000799596847004563	0.000681052847839749	0.479467529803515
19	0.000802309955221812	0.000681052637007993	0.479471724480391
19.0500000000000	0.000805023063439057	0.000681052426176237	0.479475931264460
19.1000000000000	0.000807736171656298	0.000681052215344480	0.479480152949691
19.1500000000000	0.000810449279873536	0.000681052004512724	0.479484390467405
19.2000000000000	0.000813162388090770	0.000681051793680968	0.479488638229668
19.2500000000000	0.000815875496308000	0.000681051582849211	0.479492902755737
19.3000000000000	0.000818588604525227	0.000681051372017455	0.479497183114290
19.3500000000000	0.000821301712742450	0.000681051161185698	0.479501476511359
19.4000000000000	0.000824014820959670	0.000681050950353942	0.479505782946944
19.4500000000000	0.000826727929176885	0.000681050739522186	0.479510104283690
19.5000000000000	0.000829441037394097	0.000681050528690429	0.479514440521598
19.5500000000000	0.000832154145611305	0.000681050317858673	0.479518789798021
19.6000000000000	0.000834867253828509	0.000681050107026917	0.479523153975606
19.6500000000000	0.000837580362045709	0.000681049896195160	0.479527531191707
19.7000000000000	0.000840293470262906	0.000681049685363404	0.479531924240291
19.7500000000000	0.000843006578480099	0.000681049474531648	0.479536330327392
19.8000000000000	0.000845719686697288	0.000681049263699891	0.479540751315653
19.8500000000000	0.000848432794914473	0.000681049052868135	0.479545186273754
19.9000000000000	0.000851145903131655	0.000681048842036379	0.479549637064338
19.9500000000000	0.000853859011348833	0.000681048631204622	0.479554099030793
20	0.000856572119566006	0.000681048420372866	0.479558576829731
20.0500000000000	0.000859285227783176	0.000681048209541109	0.479563069529831
20.1000000000000	0.000861998336000342	0.000681047998709353	0.479567574337125
20.1500000000000	0.000864711444217504	0.000681047787877597	0.479572094976902
20.2000000000000	0.000867424552434662	0.000681047577045840	0.479576629586518
20.2500000000000	0.000870137660651816	0.000681047366214084	0.479581179097295
20.3000000000000	0.000872850768868966	0.000681047155382328	0.479585740715265
20.3500000000000	0.000875563877086112	0.000681046944550571	0.479590317234397
20.4000000000000	0.000878276985303255	0.000681046733718815	0.479594909586012
20.4500000000000	0.000880990093520393	0.000681046522887059	0.479599514976144
20.5000000000000	0.000883703201737527	0.000681046312055302	0.479604134336114
20.5500000000000	0.000886416309954657	0.000681046101223546	0.479608768597245
20.6000000000000	0.000889129418171784	0.000681045890391789	0.479613416828215
20.6500000000000	0.000891842526388906	0.000681045679560033	0.479618079029024
20.7000000000000	0.000894555634606025	0.000681045468728277	0.479622755199671
20.7500000000000	0.000897268742823139	0.000681045257896521	0.479627445340157
20.8000000000000	0.000899981851040249	0.000681045047064764	0.479632151313126
20.8500000000000	0.000902694959257355	0.000681044836233008	0.479636870324612
20.9000000000000	0.000905408067474457	0.000681044625401251	0.479641603305936
20.9500000000000	0.000908121175691555	0.000681044414569495	0.479646350257099
21	0.000910834283908648	0.000681044203737739	0.479651113040745
21.0500000000000	0.000913547392125738	0.000681043992905982	0.479655887931585
21.1000000000000	0.000916260500342824	0.000681043782074226	0.479660678654909
21.1500000000000	0.000918973608559905	0.000681043571242469	0.479665482416749
21.2000000000000	0.000921686716776982	0.000681043360410713	0.479670302011073
21.2500000000000	0.000924399824994055	0.000681043149578957	0.479675135575235
21.3000000000000	0.000927112894545651	0.000681048668816554	0.479679989628494
21.3500000000000	0.000929825197700487	0.000681108479472801	0.479684928432107
21.4000000000000	0.000932534762657966	0.000681243186212127	0.479689975269139
21.4500000000000	0.000935236710925467	0.000681484542523627	0.479695164598525
21.5000000000000	0.000937926389305560	0.000681834930343483	0.479700489901006
21.5500000000000	0.000940595922014219	0.000682313216164058	0.479705962352455
21.6000000000000	0.000943229821077430	0.000682956782763016	0.479711604304612
21.6500000000000	0.000945817633704922	0.000683763495033957	0.479717392474413
21.7000000000000	0.000948329901271689	0.000684777507122305	0.479723333381116
21.7500000000000	0.000950742393031580	0.000686007193601245	0.479729391634464
21.8000000000000	0.000953033774877812	0.000687447420317928	0.479735520668328
21.8500000000000	0.000955143187558062	0.000689139344164304	0.479741668328643
21.9000000000000	0.000957055065332419	0.000691047538624215	0.479747755452991
21.9500000000000	0.000958744057970388	0.000693153981970884	0.479753709398210
22	0.000960186521711261	0.000695434570950662	0.479759456589818
22.0500000000000	0.000961417457264966	0.000697834538751074	0.479764987714589
22.1000000000000	0.000962424564281651	0.000700335511847507	0.479770253412426
22.1500000000000	0.000963231274762237	0.000702907669681028	0.479775259271264
22.2000000000000	0.000963873460237464	0.000705525365111061	0.479780034162104
22.2500000000000	0.000964345914503646	0.000708178720748250	0.479784558527172
22.3000000000000	0.000964694688684276	0.000710850913475077	0.479788891039789
22.3500000000000	0.000964931120358596	0.000713535324449548	0.479793045669794
22.4000000000000	0.000965064152724882	0.000716226865729777	0.479797030799091
22.4500000000000	0.000965122178535836	0.000718921064157153	0.479800895787776
22.5000000000000	0.000965126445319236	0.000721615982321614	0.479804675094783
22.5500000000000	0.000965126657571315	0.000724310927963159	0.479808460921049
22.6000000000000	0.000965126869823392	0.000727005873604701	0.479812260717154
22.6500000000000	0.000965127082075467	0.000729700819246239	0.479816074483097
22.7000000000000	0.000965127294327540	0.000732395764887774	0.479819903150201
22.7500000000000	0.000965127506579611	0.000735090710529306	0.479823745787144
22.8000000000000	0.000965127718831680	0.000737785656170835	0.479827601462603
22.8500000000000	0.000965127931083747	0.000740480601812360	0.479831472039223
22.9000000000000	0.000965128143335811	0.000743175547453883	0.479835356585681
22.9500000000000	0.000965128355587873	0.000745870493095402	0.479839255101979
23	0.000965128567839934	0.000748565438736917	0.479843167588115
23.0500000000000	0.000965128780091991	0.000751260384378429	0.479847094975412
23.1000000000000	0.000965128992344047	0.000753955330019938	0.479851036332548
23.1500000000000	0.000965129204596101	0.000756650275661444	0.479854990728200
23.2000000000000	0.000965129416848153	0.000759345221302946	0.479858960956335
23.2500000000000	0.000965129629100202	0.000762040166944445	0.479862944222987
23.3000000000000	0.000965129841352249	0.000764735112585941	0.479866941459477
23.3500000000000	0.000965130053604294	0.000767430058227433	0.479870952665806
23.4000000000000	0.000965130265856337	0.000770125003868922	0.479874977841973
23.4500000000000	0.000965130478108378	0.000772819949510407	0.479879018850625
23.5000000000000	0.000965130690360417	0.000775514895151889	0.479883071966469
23.5500000000000	0.000965130902612453	0.000778209840793367	0.479887140914798
23.6000000000000	0.000965131114864488	0.000780904786434842	0.479891222901642
23.6500000000000	0.000965131327116520	0.000783599732076314	0.479895319789648
23.7000000000000	0.000965131539368550	0.000786294677717782	0.479899429716170
23.7500000000000	0.000965131751620578	0.000788989623359247	0.479903552681208
23.8000000000000	0.000965131963872604	0.000791684569000708	0.479907692410052
23.8500000000000	0.000965132176124627	0.000794379514642166	0.479911845177412
23.9000000000000	0.000965132388376649	0.000797074460283620	0.479916011914611
23.9500000000000	0.000965132600628668	0.000799769405925070	0.479920192621648
24	0.000965132812880685	0.000802464351566518	0.479924388229847
24.0500000000000	0.000965124819100442	0.000805159242574031	0.479928581975400
24.1000000000000	0.000965060960662498	0.000807853302994987	0.479932684451342
24.1500000000000	0.000964918264685918	0.000810544338148899	0.479936650022864
24.2000000000000	0.000964668242509773	0.000813227561422428	0.479940415360034
24.2500000000000	0.000964309389936257	0.000815898443405197	0.479943975806236
24.3000000000000	0.000963814070684403	0.000818547525152695	0.479947260580957
24.3500000000000	0.000963157860078568	0.000821161695039947	0.479950203560293
24.4000000000000	0.000962336901614445	0.000823729492856508	0.479952781461179
24.4500000000000	0.000961295913580506	0.000826216847161019	0.479954836890101
24.5000000000000	0.000960047148573107	0.000828607624900383	0.479956364259124
24.5500000000000	0.000958578786040410	0.000830871695257982	0.479957296513021
24.6000000000000	0.000956860833700646	0.000832955201064519	0.479957487434149
24.6500000000000	0.000954928208658558	0.000834842780820746	0.479956980794668
24.7000000000000	0.000952790595315552	0.000836498865938245	0.479955735616386
24.7500000000000	0.000950487787326144	0.000837920563135790	0.479953818954527
24.8000000000000	0.000948066027285452	0.000839132514709045	0.479951355606318
24.8500000000000	0.000945540045844575	0.000840112873600126	0.479948339983821
24.9000000000000	0.000942947856776409	0.000840905484588917	0.479944910854101
24.9500000000000	0.000940309329033177	0.000841529972234859	0.479941136203706
25	0.000937636551142591	0.000841990616584968	0.479937046766281
25.0500000000000	0.000934945557404376	0.000842331030734266	0.479932741262019
25.1000000000000	0.000932242205076407	0.000842555960838759	0.479928238317370
25.1500000000000	0.000929532335369099	0.000842683979536002	0.479923580773175
25.2000000000000	0.000926819892874680	0.000842738000177176	0.479918810538948
25.2500000000000	0.000924106795632690	0.000842739819610344	0.479913967661560
25.3000000000000	0.000921393687415719	0.000842740030442100	0.479909135960043
25.3500000000000	0.000918680579198743	0.000842740241273856	0.479904319159687
25.4000000000000	0.000915967470981764	0.000842740452105612	0.479899516329169
25.4500000000000	0.000913254362764780	0.000842740662937369	0.479894728399813
25.5000000000000	0.000910541254547793	0.000842740873769125	0.479889953508973
25.5500000000000	0.000907828146330802	0.000842741084600882	0.479885192587972
25.6000000000000	0.000905115038113806	0.000842741295432638	0.479880446568131
25.6500000000000	0.000902401929896806	0.000842741506264394	0.479875714518130
25.7000000000000	0.000899688821679802	0.000842741717096151	0.479870998300612
25.7500000000000	0.000896975713462794	0.000842741927927907	0.479866295121610
25.8000000000000	0.000894262605245782	0.000842742138759663	0.479861604981124
25.8500000000000	0.000891549497028765	0.000842742349591420	0.479856930673122
25.9000000000000	0.000888836388811745	0.000842742560423176	0.479852269403636
25.9500000000000	0.000886123280594721	0.000842742771254932	0.479847622103989
26	0.000883410172377693	0.000842742982086689	0.479842992499471
26.0500000000000	0.000880697064160661	0.000842743192918445	0.479838373139501
26.1000000000000	0.000877983955943624	0.000842743403750201	0.479833768680692
26.1500000000000	0.000875270847726584	0.000842743614581958	0.479829179123044
26.2000000000000	0.000872557739509540	0.000842743825413714	0.479824604466558
26.2500000000000	0.000869844631292492	0.000842744036245471	0.479820042848587
26.3000000000000	0.000867131523075439	0.000842744247077227	0.479815495200455
26.3500000000000	0.000864418414858384	0.000842744457908983	0.479810962453485
26.4000000000000	0.000861705306641324	0.000842744668740740	0.479806443676353
26.4500000000000	0.000858992198424259	0.000842744879572496	0.479801938869059
26.5000000000000	0.000856279090207192	0.000842745090404252	0.479797449894249
26.5500000000000	0.000853565981990120	0.000842745301236009	0.479792974889278
26.6000000000000	0.000850852873773045	0.000842745512067765	0.479788511991501
26.6500000000000	0.000848139765555966	0.000842745722899521	0.479784063063562
26.7000000000000	0.000845426657338882	0.000842745933731278	0.479779630899429
26.7500000000000	0.000842713549121796	0.000842746144563034	0.479775210842490
26.8000000000000	0.000840000440904705	0.000842746355394790	0.479770807549357
26.8500000000000	0.000837287332687610	0.000842746566226547	0.479766415432096
26.9000000000000	0.000834574224470512	0.000842746777058303	0.479762038215995
26.9500000000000	0.000831861116253409	0.000842746987890060	0.479757677763701
27	0.000829148008036304	0.000842747198721816	0.479753327555954
27.0500000000000	0.000826434899819194	0.000842747409553572	0.479748994112015
27.1000000000000	0.000823721791602080	0.000842747620385329	0.479744674637914
27.1500000000000	0.000821008683384963	0.000842747831217085	0.479740369133651
27.2000000000000	0.000818295575167842	0.000842748042048841	0.479736077599227
27.2500000000000	0.000815582466950718	0.000842748252880597	0.479731800965965
27.3000000000000	0.000812869358733590	0.000842748463712354	0.479727537371218
27.3500000000000	0.000810156250516457	0.000842748674544110	0.479723288677633
27.4000000000000	0.000807443142299322	0.000842748885375867	0.479719054885209
27.4500000000000	0.000804730034082182	0.000842749096207623	0.479714834131300
27.5000000000000	0.000802016925865040	0.000842749307039379	0.479710628278554
27.5500000000000	0.000799303817647893	0.000842749517871136	0.479706435464323
27.6000000000000	0.000796590709430743	0.000842749728702892	0.479702257551253
27.6500000000000	0.000793877601213589	0.000842749939534648	0.479698095470667
27.7000000000000	0.000791164492996431	0.000842750150366405	0.479693945497274
27.7500000000000	0.000788451384779270	0.000842750361198161	0.479689811356366
27.8000000000000	0.000785738276562106	0.000842750572029917	0.479685689322650
27.8500000000000	0.000783025168344938	0.000842750782861674	0.479681583121419
27.9000000000000	0.000780312060127766	0.000842750993693430	0.479677489958704
27.9500000000000	0.000777598951910591	0.000842751204525186	0.479673412628472
28	0.000774885843693412	0.000842751415356943	0.479669349268079
28.0500000000000	0.000772172735476230	0.000842751626188699	0.479665298014879
28.1000000000000	0.000769459627259044	0.000842751837020455	0.479661261662841
28.1500000000000	0.000766746519041855	0.000842752047852212	0.479657242074609
28.2000000000000	0.000764033410824662	0.000842752258683968	0.479653234593570
28.2500000000000	0.000761320302607466	0.000842752469515725	0.479649241082370
28.3000000000000	0.000758607194390267	0.000842752680347481	0.479645263403654
28.3500000000000	0.000755894086173064	0.000842752891179237	0.479641297832131
28.4000000000000	0.000753180977955857	0.000842753102010994	0.479637347161770
28.4500000000000	0.000750467869738647	0.000842753312842750	0.479633411392570
28.5000000000000	0.000747754761521434	0.000842753523674506	0.479629489593208
28.5500000000000	0.000745041653304217	0.000842753734506263	0.479625581763685
28.6000000000000	0.000742328545086997	0.000842753945338019	0.479621687904000
28.6500000000000	0.000739615436869774	0.000842754156169775	0.479617808014154
28.7000000000000	0.000736902328652547	0.000842754367001531	0.479613942094147
28.7500000000000	0.000734189220435317	0.000842754577833288	0.479610092937946
28.8000000000000	0.000731476112218083	0.000842754788665044	0.479606256820262
28.8500000000000	0.000728763004000847	0.000842754999496801	0.479602433741093
28.9000000000000	0.000726049895783607	0.000842755210328557	0.479598623700440
28.9500000000000	0.000723336787566363	0.000842755421160314	0.479594830423594
29	0.000720623679349117	0.000842755631992070	0.479591051116586
29.0500000000000	0.000717910571131867	0.000842755842823826	0.479587284848094
29.1000000000000	0.000715197462914614	0.000842756053655582	0.479583533480763
29.1500000000000	0.000712484354697357	0.000842756264487339	0.479579796083272
29.2000000000000	0.000709771246480098	0.000842756475319095	0.479576072655618
29.2500000000000	0.000707058138262835	0.000842756686150851	0.479572364129126
29.3000000000000	0.000704345030045569	0.000842756896982608	0.479568669572473
29.3500000000000	0.000701631921828300	0.000842757107814364	0.479564989916980
29.4000000000000	0.000698918813611028	0.000842757318646120	0.479561323300004
29.4500000000000	0.000696205705393752	0.000842757529477877	0.479557669721544
29.5000000000000	0.000693492597176474	0.000842757740309633	0.479554032906890
29.5500000000000	0.000690779488959192	0.000842757951141390	0.479550408199430
29.6000000000000	0.000688066380741907	0.000842758161973146	0.479546800255775
29.6500000000000	0.000685353272524618	0.000842758372804902	0.479543204419315
29.7000000000000	0.000682640164307327	0.000842758583636658	0.479539622552693
29.7500000000000	0.000679927056090034	0.000842758794468415	0.479536056518555
29.8000000000000	0.000677213947872736	0.000842759005300171	0.479532503522933
29.8500000000000	0.000674500839655436	0.000842759216131928	0.479528964497149
29.9000000000000	0.000671787731438132	0.000842759426963684	0.479525440372527
29.9500000000000	0.000669074623220826	0.000842759637795440	0.479521931149066
30	0.000666361515003516	0.000842759848627197	0.479518434964120
30.0500000000000	0.000663648406786204	0.000842760059458953	0.479514953680337
30.1000000000000	0.000660935298568888	0.000842760270290709	0.479511487297714
30.1500000000000	0.000658222190351569	0.000842760481122466	0.479508033953607
30.2000000000000	0.000655509082134248	0.000842760691954222	0.479504594579339
30.2500000000000	0.000652795973916924	0.000842760902785978	0.479501168243587
30.3000000000000	0.000650082865699596	0.000842761113617735	0.479497758671641
30.3500000000000	0.000647369757482266	0.000842761324449491	0.479494362138212
30.4000000000000	0.000644656649264932	0.000842761535281247	0.479490981437266
30.4500000000000	0.000641943541047596	0.000842761746113004	0.479487611912191
30.5000000000000	0.000639230432830257	0.000842761956944760	0.479484257288277
30.5500000000000	0.000636517324612915	0.000842762167776516	0.479480918496847
30.6000000000000	0.000633804216395570	0.000842762378608273	0.479477593675256
30.6500000000000	0.000631091108178222	0.000842762589440029	0.479474282823503
30.7000000000000	0.000628377999960871	0.000842762800271786	0.479470984078944
30.7500000000000	0.000625664891743518	0.000842763011103542	0.479467703029513
30.8000000000000	0.000622951783526162	0.000842763221935298	0.479464434087276
30.8500000000000	0.000620238675308802	0.000842763432767055	0.479461180977523
30.9000000000000	0.000617525567091440	0.000842763643598811	0.479457939974964
30.9500000000000	0.000614812458874076	0.000842763854430567	0.479454712942243
31	0.000612099350656708	0.000842764065262324	0.479451501742005
31.0500000000000	0.000609386242439338	0.000842764276094080	0.479448304511607
31.1000000000000	0.000606673134221965	0.000842764486925836	0.479445121251047
31.1500000000000	0.000603960026004589	0.000842764697757593	0.479441952891648
31.2000000000000	0.000601246917787210	0.000842764908589349	0.479438797570765
31.2500000000000	0.000598533809569829	0.000842765119421106	0.479435656219721
31.3000000000000	0.000595820701352445	0.000842765330252862	0.479432530701160
31.3500000000000	0.000593107593135059	0.000842765541084618	0.479429417289794
31.4000000000000	0.000590394484917669	0.000842765751916374	0.479426319710910
31.4500000000000	0.000587681376700277	0.000842765962748131	0.479423236101866
31.5000000000000	0.000584968268482882	0.000842766173579887	0.479420165531337
31.5500000000000	0.000582255160265485	0.000842766384411643	0.479417109861970
31.6000000000000	0.000579542052048085	0.000842766595243400	0.479414069093764
31.6500000000000	0.000576828943830682	0.000842766806075156	0.479411042295396
31.7000000000000	0.000574115835613277	0.000842767016906912	0.479408029466867
31.7500000000000	0.000571402727395869	0.000842767227738669	0.479405031539500
31.8000000000000	0.000568689619178459	0.000842767438570425	0.479402046650648
31.8500000000000	0.000565976510961046	0.000842767649402182	0.479399076662958
31.9000000000000	0.000563263402743630	0.000842767860233938	0.479396119713783
31.9500000000000	0.000560550294526212	0.000842768071065694	0.479393179528415
32	0.000557837186308791	0.000842768281897451	0.479390251450241
32.0500000000000	0.000555124078091368	0.000842768492729207	0.479387337341905
32.1000000000000	0.000552410969873942	0.000842768703560963	0.479384438134730
32.1500000000000	0.000549697861656514	0.000842768914392720	0.479381552897394
32.2000000000000	0.000546984753439084	0.000842769125224476	0.479378683492541
32.2500000000000	0.000544271645221650	0.000842769336056232	0.479375826194882
32.3000000000000	0.000541558537004214	0.000842769546887989	0.479372983798385
32.3500000000000	0.000538845428786777	0.000842769757719745	0.479370156303048
32.4000000000000	0.000536132320569336	0.000842769968551501	0.479367341846228
32.4500000000000	0.000533419212351893	0.000842770179383258	0.479364543221891
32.5000000000000	0.000530706104134448	0.000842770390215014	0.479361756704748
32.5500000000000	0.000527992995917000	0.000842770601046770	0.479358986020088
32.6000000000000	0.000525279887699550	0.000842770811878527	0.479356227442622
32.6500000000000	0.000522566779482097	0.000842771022710283	0.479353485628963
32.7000000000000	0.000519853671264642	0.000842771233542039	0.479350756853819
32.7500000000000	0.000517140563047185	0.000842771444373796	0.479348042979836
32.8000000000000	0.000514427454829725	0.000842771655205552	0.479345342144370
32.8500000000000	0.000511714346612263	0.000842771866037309	0.479342655278742
32.9000000000000	0.000509001238394799	0.000842772076869065	0.479339983314276
32.9500000000000	0.000506288130177333	0.000842772287700821	0.479337325319648
33	0.000503575021959864	0.000842772498532578	0.479334683157504
33.0500000000000	0.000500861913742392	0.000842772709364334	0.479332053102553
33.1000000000000	0.000498148805524919	0.000842772920196090	0.479329437948763
33.1500000000000	0.000495435697307444	0.000842773131027847	0.479326838627458
33.2000000000000	0.000492722589089966	0.000842773341859603	0.479324250482023
33.2500000000000	0.000490009480872486	0.000842773552691359	0.479321679100394
33.3000000000000	0.000487296372655003	0.000842773763523116	0.479319120757282
33.3500000000000	0.000484583264437519	0.000842773974354872	0.479316576384008
33.4000000000000	0.000481870156220032	0.000842774185186628	0.479314045980573
33.4500000000000	0.000479157048002543	0.000842774396018385	0.479311530478299
33.5000000000000	0.000476443939785052	0.000842774606850141	0.479309029877186
33.5500000000000	0.000473730831567558	0.000842774817681898	0.479306542314589
33.6000000000000	0.000471017723350063	0.000842775028513654	0.479304068721831
33.6500000000000	0.000468304615132566	0.000842775239345410	0.479301610961556
33.7000000000000	0.000465591506915066	0.000842775450177166	0.479299166239798
33.7500000000000	0.000462878398697564	0.000842775661008923	0.479296735487878
33.8000000000000	0.000460165290480060	0.000842775871840679	0.479294319637120
33.8500000000000	0.000457452182262554	0.000842776082672436	0.479291917756200
33.9000000000000	0.000454739074045046	0.000842776293504192	0.479289529845119
33.9500000000000	0.000452025965827536	0.000842776504335948	0.479287156835198
34	0.000449312857610024	0.000842776715167705	0.479284796863794
34.0500000000000	0.000446599749392510	0.000842776925999461	0.479282450862229
34.1000000000000	0.000443886641174994	0.000842777136831217	0.479280119761825
34.1500000000000	0.000441173532957476	0.000842777347662974	0.479277804493904
34.2000000000000	0.000438460424739955	0.000842777558494730	0.479275500401855
34.2500000000000	0.000435747316522433	0.000842777769326486	0.479273213073611
34.3000000000000	0.000433034208304909	0.000842777980158243	0.479270938783884
34.3500000000000	0.000430321100087383	0.000842778190989999	0.479268678463995
34.4000000000000	0.000427607991869855	0.000842778401821755	0.479266433045268
34.4500000000000	0.000424894883652325	0.000842778612653512	0.479264200665057
34.5000000000000	0.000422181775434793	0.000842778823485268	0.479261984117329
34.5500000000000	0.000419468667217259	0.000842779034317024	0.479259781539440
34.6000000000000	0.000416755558999723	0.000842779245148781	0.479257592000067
34.6500000000000	0.000414042450782186	0.000842779455980537	0.479255416430533
34.7000000000000	0.000411329342564646	0.000842779666812293	0.479253256693482
34.7500000000000	0.000408616234347105	0.000842779877644050	0.479251110926271
34.8000000000000	0.000405903126129561	0.000842780088475806	0.479248979128897
34.8500000000000	0.000403190017912016	0.000842780299307562	0.479246861301363
34.9000000000000	0.000400476909694470	0.000842780510139319	0.479244757443666
34.9500000000000	0.000397763801476921	0.000842780720971075	0.479242668487132
35	0.000395050693259370	0.000842780931802832	0.479240592569113
35.0500000000000	0.000392337585041818	0.000842781142634588	0.479238531552255
35.1000000000000	0.000389624476824264	0.000842781353466344	0.479236485436559
35.1500000000000	0.000386911368606708	0.000842781564298101	0.479234452359378
35.2000000000000	0.000384198260389151	0.000842781775129857	0.479232433252037
35.2500000000000	0.000381485152171591	0.000842781985961613	0.479230429045856
35.3000000000000	0.000378772043954030	0.000842782196793370	0.479228440672159
35.3500000000000	0.000376058935736467	0.000842782407625126	0.479226463474333
35.4000000000000	0.000373345827518903	0.000842782618456882	0.479224502108991
35.4500000000000	0.000370632719301337	0.000842782829288639	0.479222553782165
35.5000000000000	0.000367919611083769	0.000842783040120395	0.479220622219145
35.5500000000000	0.000365206502866199	0.000842783250952151	0.479218703694642
35.6000000000000	0.000362493394648628	0.000842783461783908	0.479216797277331
35.6500000000000	0.000359780286431056	0.000842783672615664	0.479214906692505
35.7000000000000	0.000357067178213481	0.000842783883447420	0.479213031008840
35.7500000000000	0.000354354069995905	0.000842784094279177	0.479211169295013
35.8000000000000	0.000351640961778327	0.000842784305110933	0.479209319688380
35.8500000000000	0.000348927853560748	0.000842784515942690	0.479207487776876
35.9000000000000	0.000346214745343167	0.000842784726774446	0.479205667041242
35.9500000000000	0.000343501637125585	0.000842784937606202	0.479203862138093
36	0.000340788528908001	0.000842785148437958	0.479202071204782
36.0500000000000	0.000338075420690415	0.000842785359269715	0.479200294241309
36.1000000000000	0.000335362312472829	0.000842785570101471	0.479198532178998
36.1500000000000	0.000332649204255240	0.000842785780933228	0.479196783155203
36.2000000000000	0.000329936096037650	0.000842785991764984	0.479195048101246
36.2500000000000	0.000327222987820058	0.000842786202596740	0.479193328879774
36.3000000000000	0.000324509879602465	0.000842786413428497	0.479191623628140
36.3500000000000	0.000321796771384871	0.000842786624260253	0.479189931415021
36.4000000000000	0.000319083663167275	0.000842786835092009	0.479188254103065
36.4500000000000	0.000316370554949678	0.000842787045923766	0.479186589829624
36.5000000000000	0.000313657446732079	0.000842787256755522	0.479184940457344
36.5500000000000	0.000310944338514478	0.000842787467587278	0.479183306917548
36.6000000000000	0.000308231230296877	0.000842787678419035	0.479181685484946
36.6500000000000	0.000305518122079274	0.000842787889250791	0.479180079884827
36.7000000000000	0.000302805013861669	0.000842788100082547	0.479178487323225
36.7500000000000	0.000300091905644064	0.000842788310914304	0.479176908731461
36.8000000000000	0.000297378797426456	0.000842788521746060	0.479175345972180
36.8500000000000	0.000294665689208848	0.000842788732577817	0.479173795320094
36.9000000000000	0.000291952580991238	0.000842788943409573	0.479172261431813
36.9500000000000	0.000289239472773627	0.000842789154241329	0.479170737788081
37	0.000286526402642373	0.000842794094942832	0.479169240221381
37.0500000000000	0.000283813372915892	0.000842814595307119	0.479167779907584
37.1000000000000	0.000281100343189410	0.000842835095671407	0.479166334494948
37.1500000000000	0.000278387313462926	0.000842855596035694	0.479164904914796
37.2000000000000	0.000275674283736441	0.000842876096399982	0.479163486510515
37.2500000000000	0.000272961254009956	0.000842896596764269	0.479162083007395
37.3000000000000	0.000270248224283468	0.000842917097128557	0.479160696268082
37.3500000000000	0.000267535194556980	0.000842937597492845	0.479159321635962
37.4000000000000	0.000264822164830490	0.000842958097857132	0.479157960973680
37.4500000000000	0.000262109135103999	0.000842978598221420	0.479156615212560
37.5000000000000	0.000259396105377508	0.000842999098585708	0.479155283421278
37.5500000000000	0.000256683075651014	0.000843019598949995	0.479153966531158
37.6000000000000	0.000253970045924520	0.000843040099314283	0.479152662679553
37.6500000000000	0.000251257016198025	0.000843060599678570	0.479151373729110
37.7000000000000	0.000248543986471528	0.000843081100042858	0.479150097817183
37.7500000000000	0.000245830956745031	0.000843101600407145	0.479148837737739
37.8000000000000	0.000243117927018532	0.000843122100771433	0.479147590696812
37.8500000000000	0.000240404914661312	0.000843144717718317	0.479146363213658
37.9000000000000	0.000237691909001302	0.000843168150772687	0.479145148769021
37.9500000000000	0.000234978903341290	0.000843191583827058	0.479143952019513
38	0.000232265897681277	0.000843215016881429	0.479142766445875
38.0500000000000	0.000229552892021263	0.000843238449935799	0.479141594842076
38.1000000000000	0.000226839886361249	0.000843261882990170	0.479140438139439
38.1500000000000	0.000224126880701234	0.000843285316044540	0.479139296337962
38.2000000000000	0.000221413875041217	0.000843308749098911	0.479138169437647
38.2500000000000	0.000218700869381199	0.000843332182153282	0.479137054644525
38.3000000000000	0.000215987863721180	0.000843355615207652	0.479135955683887
38.3500000000000	0.000213274858061161	0.000843379048262023	0.479134869761765
38.4000000000000	0.000210561852401140	0.000843402481316394	0.479133800603449
38.4500000000000	0.000207848846741120	0.000843425914370764	0.479132742621005
38.5000000000000	0.000205135841081097	0.000843449347425135	0.479131698608398
38.5500000000000	0.000202422835421074	0.000843472780479505	0.479130670428276
38.6000000000000	0.000199709829761050	0.000843496213533876	0.479129656217992
