0	0.000720973240564610	0.00105835097079741	0.479989703744650
0.0500000000000000	0.000720973027478218	0.00105565602515642	0.479984167963266
0.100000000000000	0.000720972814391825	0.00105296107951542	0.479978648014367
0.150000000000000	0.000720972601305430	0.00105026613387442	0.479973141103983
0.200000000000000	0.000720972388219034	0.00104757118823342	0.479967648163438
0.250000000000000	0.000720972175132636	0.00104487624259241	0.479962170124054
0.300000000000000	0.000720971962046236	0.00104218129695139	0.479956705123186
0.350000000000000	0.000720971748959834	0.00103948635131037	0.479951255954802
0.400000000000000	0.000720971535873432	0.00103679140566935	0.479945819824934
0.450000000000000	0.000720971322787027	0.00103409646002832	0.479940398596227
0.500000000000000	0.000720971109700621	0.00103140151438729	0.479934991337359
0.550000000000000	0.000720970896614213	0.00102870656874625	0.479929597117007
0.600000000000000	0.000720970683527804	0.00102601162310521	0.479924216866493
0.650000000000000	0.000720970470441393	0.00102331667746416	0.479918851517141
0.700000000000000	0.000720970257354980	0.00102062173182311	0.479913500137627
0.750000000000000	0.000720970044268566	0.00101792678618205	0.479908163659275
0.800000000000000	0.000720969831182150	0.00101523184054099	0.479902840219438
0.850000000000000	0.000720969618095733	0.00101253689489993	0.479897530749440
0.900000000000000	0.000720969405009314	0.00100984194925886	0.479892236180604
0.950000000000000	0.000720969191922893	0.00100714700361778	0.479886956512928
1	0.000720968978836471	0.00100445205797670	0.479881688952446
1.05000000000000	0.000720968765750047	0.00100175711233562	0.479876436293125
1.10000000000000	0.000720968552663622	0.000999062166694533	0.479871198534966
1.15000000000000	0.000720968339577195	0.000996367221053441	0.479865972883999
1.20000000000000	0.000720968126490766	0.000993672275412345	0.479860763996840
1.25000000000000	0.000720967913404336	0.000990977329771244	0.479855567216873
1.30000000000000	0.000720967700317904	0.000988282384130139	0.479850385338068
1.35000000000000	0.000720967487231471	0.000985587438489030	0.479845217429101
1.40000000000000	0.000720967274145035	0.000982892492847916	0.479840064421296
1.45000000000000	0.000720967061058599	0.000980197547206798	0.479834924452007
1.50000000000000	0.000720966847972160	0.000977502601565675	0.479829798452556
1.55000000000000	0.000720966634885721	0.000974807655924549	0.479824687354267
1.60000000000000	0.000720966421799279	0.000972112710283418	0.479819589294493
1.65000000000000	0.000720966208712836	0.000969417764642283	0.479814507067204
1.70000000000000	0.000720965995626391	0.000966722819001143	0.479809437878430
1.75000000000000	0.000720965782539945	0.000964027873359999	0.479804381728172
1.80000000000000	0.000720965569453497	0.000961332927718851	0.479799341410399
1.85000000000000	0.000720965356367048	0.000958637982077699	0.479794315062463
1.90000000000000	0.000720965143280597	0.000955943036436542	0.479789302684367
1.95000000000000	0.000720964930194144	0.000953248090795381	0.479784303344786
2	0.000720964717107690	0.000950553145154216	0.479779318906367
2.05000000000000	0.000720964504021233	0.000947858199513046	0.479774349369109
2.10000000000000	0.000720964290934776	0.000945163253871873	0.479769392870367
2.15000000000000	0.000720964077848317	0.000942468308230695	0.479764450341463
2.20000000000000	0.000720963864761856	0.000939773362589513	0.479759521782398
2.25000000000000	0.000720963651675394	0.000937078416948327	0.479754608124495
2.30000000000000	0.000720963438588930	0.000934383471307137	0.479749708436430
2.35000000000000	0.000720963225502464	0.000931688525665943	0.479744822718203
2.40000000000000	0.000720963012415997	0.000928993580024744	0.479739950969815
2.45000000000000	0.000720962799329528	0.000926298634383542	0.479735094122589
2.50000000000000	0.000720962586243058	0.000923603688742335	0.479730251245201
2.55000000000000	0.000720962373156586	0.000920908743101124	0.479725421406329
2.60000000000000	0.000720962160070112	0.000918213797459910	0.479720606468618
2.65000000000000	0.000720961946983637	0.000915518851818691	0.479715805500746
2.70000000000000	0.000720961733897160	0.000912823906177468	0.479711018502712
2.75000000000000	0.000720961520810682	0.000910128960536241	0.479706245474517
2.80000000000000	0.000720961307724202	0.000907434014895010	0.479701486416161
2.85000000000000	0.000720961094637720	0.000904739069253775	0.479696742258966
2.90000000000000	0.000720960881551237	0.000902044123612536	0.479692012071610
2.95000000000000	0.000720960668464752	0.000899349177971293	0.479687295854092
3	0.000720960455378266	0.000896654232330046	0.479682594537735
3.05000000000000	0.000720960242291778	0.000893959286688795	0.479677905328572
3.10000000000000	0.000720960029205288	0.000891264341047540	0.479673231020570
3.15000000000000	0.000720959816118797	0.000888569395406281	0.479668570682406
3.20000000000000	0.000720959603032304	0.000885874449765019	0.479663925245404
3.25000000000000	0.000720959389945809	0.000883179504123752	0.479659293778241
3.30000000000000	0.000720959176859313	0.000880484558482481	0.479654676280916
3.35000000000000	0.000720958963772815	0.000877789612841207	0.479650072753429
3.40000000000000	0.000720958750686316	0.000875094667199928	0.479645484127104
3.45000000000000	0.000720958537599815	0.000872399721558646	0.479640909470618
3.50000000000000	0.000720958324513313	0.000869704775917360	0.479636346921325
3.55000000000000	0.000720958111426809	0.000867009830276070	0.479631800204515
3.60000000000000	0.000720957898340303	0.000864314884634776	0.479627267457545
3.65000000000000	0.000720957685253796	0.000861619938993479	0.479622748680413
3.70000000000000	0.000720957472167287	0.000858924993352177	0.479618244804442
3.75000000000000	0.000720957259080776	0.000856230047710872	0.479613753035665
3.80000000000000	0.000720957045994264	0.000853535102069563	0.479609277099371
3.85000000000000	0.000720956832907750	0.000850840156428250	0.479604815132916
3.90000000000000	0.000720956619821235	0.000848145210786934	0.479600367136300
3.95000000000000	0.000720956406734718	0.000845450265145613	0.479595933109522
4	0.000720956193648199	0.000842755319504289	0.479591512121260
4.05000000000000	0.000720955980561679	0.000840060373862961	0.479587106965482
4.10000000000000	0.000720955767475157	0.000837365428221630	0.479582713916898
4.15000000000000	0.000720955554388634	0.000834670482580295	0.479578337632120
4.20000000000000	0.000720955341302109	0.000831975536938956	0.479573972523212
4.25000000000000	0.000720955128215582	0.000829280591297613	0.479569623246789
4.30000000000000	0.000720954915129054	0.000826585645656267	0.479565288871527
4.35000000000000	0.000720954702042524	0.000823890700014917	0.479560967534781
4.40000000000000	0.000720954488955993	0.000821195754373564	0.479556661099196
4.45000000000000	0.000720954275869460	0.000818500808732206	0.479552366770804
4.50000000000000	0.000720954062782925	0.000815805863090846	0.479548088274896
4.55000000000000	0.000720953849696389	0.000813110917449481	0.479543823748827
4.60000000000000	0.000720953636609851	0.000810415971808113	0.479539573192596
4.65000000000000	0.000720953423523312	0.000807721026166742	0.479535336606205
4.70000000000000	0.000720953210436771	0.000805026080525367	0.479531113058329
4.75000000000000	0.000720952997350228	0.000802331134883988	0.479526905342937
4.80000000000000	0.000720952784263684	0.000799636189242606	0.479522710666060
4.85000000000000	0.000720952571177138	0.000796941243601220	0.479518530890346
4.90000000000000	0.000720952358090590	0.000794246297959830	0.479514365084469
4.95000000000000	0.000720952145004041	0.000791551352318438	0.479510213248432
5	0.000720951931917491	0.000788856406677041	0.479506076313555
5.05000000000000	0.000720951718830938	0.000786161461035641	0.479501951485872
5.10000000000000	0.000720951505744384	0.000783466515394238	0.479497842490673
5.15000000000000	0.000720951292657829	0.000780771569752831	0.479493746533990
5.20000000000000	0.000720951079571272	0.000778076624111421	0.479489664547145
5.25000000000000	0.000720950866484713	0.000775381678470007	0.479485598392785
5.30000000000000	0.000720950653398153	0.000772686732828590	0.479481544345617
5.35000000000000	0.000720950440311591	0.000769991787187169	0.479477505199611
5.40000000000000	0.000720950227225027	0.000767296841545746	0.479473480954766
5.45000000000000	0.000720950014138462	0.000764601895904318	0.479469470679760
5.50000000000000	0.000720949801051895	0.000761906950262887	0.479465474374592
5.55000000000000	0.000720949587965327	0.000759212004621453	0.479461491107941
5.60000000000000	0.000720949374878757	0.000756517058980016	0.479457522742450
5.65000000000000	0.000720949161792186	0.000753822113338575	0.479453567415476
5.70000000000000	0.000720948767831731	0.000751127167711242	0.479449626989663
5.75000000000000	0.000720948554745156	0.000748432222069794	0.479445701465011
5.80000000000000	0.000720948341658580	0.000745737276428343	0.479441788978875
5.85000000000000	0.000720948128572002	0.000743042330786889	0.479437891393900
5.90000000000000	0.000720947915485422	0.000740347385145432	0.479434008710086
5.95000000000000	0.000720947702398841	0.000737652439503971	0.479430138133466
6	0.000720947489312258	0.000734957493862507	0.479426282458007
6.05000000000000	0.000720947276225674	0.000732262548221040	0.479422441683710
6.10000000000000	0.000720947063139088	0.000729567602579570	0.479418613016605
6.15000000000000	0.000720946850052500	0.000726872656938096	0.479414800181985
6.20000000000000	0.000720946636965911	0.000724177711296620	0.479411001317203
6.25000000000000	0.000720946423879320	0.000721482765655139	0.479407216422260
6.30000000000000	0.000720946210792728	0.000718787820013656	0.479403445497155
6.35000000000000	0.000720945997706134	0.000716092874372170	0.479399689473212
6.40000000000000	0.000720945784619538	0.000713397928730680	0.479395946487784
6.45000000000000	0.000720945571532941	0.000710702983089187	0.479392216540873
6.50000000000000	0.000720945358446342	0.000708008037447692	0.479388503357768
6.55000000000000	0.000720945145359741	0.000705313091806192	0.479384801350534
6.60000000000000	0.000720944932273139	0.000702618146164690	0.479381116107106
6.65000000000000	0.000720944719186536	0.000699923200523185	0.479377443902195
6.70000000000000	0.000720944506099930	0.000697228254881677	0.479373785667121
6.75000000000000	0.000720944293013323	0.000694533309240165	0.479370142333210
6.80000000000000	0.000720944079926715	0.000691838363598651	0.479366512969136
6.85000000000000	0.000720943866840105	0.000689143417957133	0.479362896643579
6.90000000000000	0.000720943653753493	0.000686448472315613	0.479359294287860
6.95000000000000	0.000720943440666880	0.000683753526674089	0.479355707764626
7	0.000720943227580265	0.000681058581032562	0.479352134279907
7.05000000000000	0.000720943014493648	0.000678363635391033	0.479348574765027
7.10000000000000	0.000720942801407030	0.000675668689749500	0.479345030151308
7.15000000000000	0.000720942588320410	0.000672973744107964	0.479341498576105
7.20000000000000	0.000720942375233789	0.000670278798466426	0.479337981902063
7.25000000000000	0.000720942162147166	0.000667583852824884	0.479334479197860
7.30000000000000	0.000720941949060541	0.000664888907183339	0.479330990463495
7.35000000000000	0.000720941735973915	0.000662193961541792	0.479327516630292
7.40000000000000	0.000720941522887288	0.000659499015900241	0.479324054904282
7.45000000000000	0.000720941309800658	0.000656804070258688	0.479320609010756
7.50000000000000	0.000720941096714027	0.000654109124617132	0.479317176155746
7.55000000000000	0.000720940883627395	0.000651414178975572	0.479313758201897
7.60000000000000	0.000720940670540760	0.000648719233334010	0.479310354217887
7.65000000000000	0.000720940457454125	0.000646024287692445	0.479306964203715
7.70000000000000	0.000720940244367487	0.000643329342050878	0.479303588159382
7.75000000000000	0.000720940031280848	0.000640634396409307	0.479300226084888
7.80000000000000	0.000720939818194208	0.000637939450767734	0.479296878911555
7.85000000000000	0.000720939605107565	0.000635244505126157	0.479293545708060
7.90000000000000	0.000720939392020921	0.000632549559484578	0.479290226474404
7.95000000000000	0.000720939178934276	0.000629854613842996	0.479286921210587
8	0.000720938965847629	0.000627159668201412	0.479283629916608
8.05000000000000	0.000720938752760980	0.000624464722559824	0.479280353523791
8.10000000000000	0.000720938539674330	0.000621769776918234	0.479277089238167
8.15000000000000	0.000720938326587678	0.000619074831276641	0.479273840785027
8.20000000000000	0.000720938113501025	0.000616379885635045	0.479270605370402
8.25000000000000	0.000720937900414369	0.000613684939993447	0.479267385788262
8.30000000000000	0.000720937687327713	0.000610989994351846	0.479264179244638
8.35000000000000	0.000720937474241055	0.000608295048710242	0.479260987602174
8.40000000000000	0.000720937261154395	0.000605600103068635	0.479257808998227
8.45000000000000	0.000720937048067733	0.000602905157427026	0.479254644364119
8.50000000000000	0.000720936834981070	0.000600210211785414	0.479251494631171
8.55000000000000	0.000720936621894405	0.000597515266143800	0.479248357936740
8.60000000000000	0.000720936408807739	0.000594820320502182	0.479245236143470
8.65000000000000	0.000720936195721071	0.000592125374860563	0.479242129251361
8.70000000000000	0.000720935982634401	0.000589430429218940	0.479239035397768
8.75000000000000	0.000720935769547731	0.000586735483577315	0.479235955514014
8.80000000000000	0.000720935556461057	0.000584040537935687	0.479232890531421
8.85000000000000	0.000720935343374383	0.000581345592294057	0.479229839518666
8.90000000000000	0.000720935130287707	0.000578650646652424	0.479226801544428
8.95000000000000	0.000720934917201030	0.000575955701010789	0.479223778471351
9	0.000720934704114351	0.000573260755369151	0.479220770299435
9.05000000000000	0.000720934491027670	0.000570565809727511	0.479217774234712
9.10000000000000	0.000720934277940987	0.000567870864085868	0.479214794933796
9.15000000000000	0.000720934064854303	0.000565175918444222	0.479211827740073
9.20000000000000	0.000720933851767618	0.000562480972802574	0.479208874516189
9.25000000000000	0.000720933638680931	0.000559786027160924	0.479205937124789
9.30000000000000	0.000720933425594242	0.000557091081519271	0.479203013703227
9.35000000000000	0.000720933212507551	0.000554396135877615	0.479200103320181
9.40000000000000	0.000720932999420859	0.000551701190235958	0.479197205975652
9.45000000000000	0.000720932786334166	0.000549006244594297	0.479194324463606
9.50000000000000	0.000720932573247470	0.000546311298952634	0.479191456921399
9.55000000000000	0.000720932360160774	0.000543616353310969	0.479188604280353
9.60000000000000	0.000720932147074075	0.000540921407669302	0.479185764677823
9.65000000000000	0.000720931933987375	0.000538226462027632	0.479182938113809
9.70000000000000	0.000720931720900673	0.000535531516385959	0.479180127382278
9.75000000000000	0.000720931507813970	0.000532836570744285	0.479177330620587
9.80000000000000	0.000720931294727265	0.000530141625102608	0.479174547828734
9.85000000000000	0.000720931081640559	0.000527446679460928	0.479171778075397
9.90000000000000	0.000720930868553851	0.000524751733819246	0.479169023223221
9.95000000000000	0.000720930655467141	0.000522056788177562	0.479166283272207
10	0.000720930442380430	0.000519361842535876	0.479163555428386
10.0500000000000	0.000720930229293717	0.000516666896894187	0.479160842485726
10.1000000000000	0.000720930016207002	0.000513971951252496	0.479158144444227
10.1500000000000	0.000720929803120286	0.000511277005610803	0.479155459441245
10.2000000000000	0.000720929590033568	0.000508582059969108	0.479152790270746
10.2500000000000	0.000720929376946849	0.000505887114327410	0.479150134138763
10.3000000000000	0.000720929163860128	0.000503192168685710	0.479147491976619
10.3500000000000	0.000720928950773406	0.000500497223044008	0.479144863784313
10.4000000000000	0.000720928737686681	0.000497802277402303	0.479142250493169
10.4500000000000	0.000720928524599956	0.000495107331760597	0.479139649309218
10.5000000000000	0.000720928311513229	0.000492412386118888	0.479137063957751
10.5500000000000	0.000720928098426500	0.000489717440477177	0.479134493507445
10.6000000000000	0.000720927885339769	0.000487022494835464	0.479131935164332
10.6500000000000	0.000720927672253037	0.000484327549193748	0.479129391722381
10.7000000000000	0.000720927472936445	0.000481632603551008	0.479126862250268
10.7500000000000	0.000720927280505594	0.000478937657907756	0.479124347679317
10.8000000000000	0.000720927088074742	0.000476242712264501	0.479121847078204
10.8500000000000	0.000720926895643888	0.000473547766621243	0.479119360446930
10.9000000000000	0.000720926703213032	0.000470852820977984	0.479116887785494
10.9500000000000	0.000720926510782174	0.000468157875334723	0.479114429093897
11	0.000720926318351315	0.000465462929691459	0.479111984372139
11.0500000000000	0.000720926125920455	0.000462767984048194	0.479109554551542
11.1000000000000	0.000720925933489592	0.000460073038404926	0.479107136838138
11.1500000000000	0.000720925741058728	0.000457378092761657	0.479104734957218
11.2000000000000	0.000720925548627863	0.000454683147118385	0.479102347977459
11.2500000000000	0.000720925356196996	0.000451988201475112	0.479099973104894
11.3000000000000	0.000720925163766127	0.000449293255831836	0.479097613133490
11.3500000000000	0.000720924971335257	0.000446598310188558	0.479095268063247
11.4000000000000	0.000720924778904385	0.000443903364545279	0.479092936962843
11.4500000000000	0.000720924586473511	0.000441208418901998	0.479090619832277
11.5000000000000	0.000720924394042636	0.000438513473258714	0.479088315740228
11.5500000000000	0.000720924201611760	0.000435818527615428	0.479086026549339
11.6000000000000	0.000720924009180881	0.000433123581972141	0.479083750396967
11.6500000000000	0.000720923816750001	0.000430428636328852	0.479081490077078
11.7000000000000	0.000720923624319120	0.000427733690685560	0.479079242795706
11.7500000000000	0.000720923431888237	0.000425038745042268	0.479077009484172
11.8000000000000	0.000720923239457352	0.000422343799398973	0.479074792005122
11.8500000000000	0.000720923047026465	0.000419648853755676	0.479072586633265
11.9000000000000	0.000720922854595577	0.000416953908112377	0.479070397093892
11.9500000000000	0.000720922662164688	0.000414258962469077	0.479068220593035
12	0.000720922494921287	0.000411564016824138	0.479066058993340
12.0500000000000	0.000720922332449092	0.000408869071178887	0.479063909500837
12.1000000000000	0.000720922169976896	0.000406174125533635	0.479061775840819
12.1500000000000	0.000720922007504698	0.000403479179888381	0.479059656150639
12.2000000000000	0.000720921845032499	0.000400784234243125	0.479057550430298
12.2500000000000	0.000720921682560298	0.000398089288597867	0.479055458679795
12.3000000000000	0.000720921520088095	0.000395394342952608	0.479053380899131
12.3500000000000	0.000720921357615891	0.000392699397307347	0.479051317088306
12.4000000000000	0.000720921195143686	0.000390004451662084	0.479049267247319
12.4500000000000	0.000720921032671478	0.000387309506016819	0.479047233238816
12.5000000000000	0.000720920870199269	0.000384614560371553	0.479045212268829
12.5500000000000	0.000720920707727058	0.000381919614726285	0.479043205268681
12.6000000000000	0.000720920545254846	0.000379224669081015	0.479041213169694
12.6500000000000	0.000720920382782632	0.000376529723435744	0.479039233177900
12.7000000000000	0.000720920220310417	0.000373834777790470	0.479037269018590
12.7500000000000	0.000720920057838199	0.000371139832145196	0.479035317897797
12.8000000000000	0.000720919895365981	0.000368444886499919	0.479033381678164
12.8500000000000	0.000720919732893761	0.000365749940854641	0.479031458497047
12.9000000000000	0.000720919570421539	0.000363054995209362	0.479029551148415
12.9500000000000	0.000720919407949316	0.000360360049564081	0.479027655906975
13	0.000720919245477090	0.000357665103918798	0.479025776498020
13.0500000000000	0.000720919083004863	0.000354970158273513	0.479023911058903
13.1000000000000	0.000720918920532635	0.000352275212628227	0.479022058658302
13.1500000000000	0.000720918758060405	0.000349580266982939	0.479020221158862
13.2000000000000	0.000720918595588174	0.000346885321337651	0.479018398560584
13.2500000000000	0.000720918433115941	0.000344190375692360	0.479016588069499
13.3000000000000	0.000720918295834398	0.000341495428092495	0.479014793410897
13.3500000000000	0.000720918295387296	0.000338800482442368	0.479013011790812
13.4000000000000	0.000720918294940193	0.000336105536792241	0.479011245071888
13.4500000000000	0.000720918294493089	0.000333410591142112	0.479009492322803
13.5000000000000	0.000720918294045982	0.000330715645491982	0.479007753543556
13.5500000000000	0.000720918293598874	0.000328020699841850	0.479006028734148
13.6000000000000	0.000720918293151765	0.000325325754191717	0.479004318825901
13.6500000000000	0.000720918292704654	0.000322630808541582	0.479002621956170
13.7000000000000	0.000720918292257541	0.000319935862891446	0.479000939987600
13.7500000000000	0.000720918291810427	0.000317240917241309	0.478999271988869
13.8000000000000	0.000720918291363310	0.000314545971591170	0.478997617959976
13.8500000000000	0.000720918290916193	0.000311851025941030	0.478995977900922
13.9000000000000	0.000720918290469074	0.000309156080290888	0.478994351811707
13.9500000000000	0.000720918290021953	0.000306461134640745	0.478992740623653
14	0.000720918289574830	0.000303766188990601	0.478991143405437
14.0500000000000	0.000720918289127706	0.000301071243340455	0.478989560157061
14.1000000000000	0.000720918288680581	0.000298376297690308	0.478987989947200
14.1500000000000	0.000720918288233454	0.000295681352040159	0.478986435569823
14.2000000000000	0.000720918287786325	0.000292986406390010	0.478984893299639
14.2500000000000	0.000720918287339195	0.000290291460739859	0.478983366861939
14.3000000000000	0.000720918286892062	0.000287596515089707	0.478981854394078
14.3500000000000	0.000720918286444929	0.000284901569439553	0.478980354964733
14.4000000000000	0.000720918285997794	0.000282206623789398	0.478978870436549
14.4500000000000	0.000720918285550657	0.000279511678139242	0.478977399878204
14.5000000000000	0.000720918285103518	0.000276816732489085	0.478975943289697
14.5500000000000	0.000720918284656378	0.000274121786838926	0.478974500671029
14.6000000000000	0.000720918284209236	0.000271426841188766	0.478973072953522
14.6500000000000	0.000720918283762093	0.000268731895538606	0.478971658274531
14.7000000000000	0.000720918283314948	0.000266036949888443	0.478970258496702
14.7500000000000	0.000720918282867802	0.000263342004238280	0.478968872688711
14.8000000000000	0.000720912728793490	0.000260647093065485	0.478967492468655
14.8500000000000	0.000720878817142761	0.000257952357938832	0.478966087102890
14.9000000000000	0.000720789093058326	0.000255258896451480	0.478964621201158
14.9500000000000	0.000720648017264906	0.000252567711863303	0.478963096626103
15	0.000720451445946378	0.000249880057668636	0.478961510583758
15.0500000000000	0.000720195814211054	0.000247197354809645	0.478959860280156
15.1000000000000	0.000719877437316731	0.000244521265340068	0.478958140127361
15.1500000000000	0.000719491969795944	0.000241853765463543	0.478956344537437
15.2000000000000	0.000719024387204277	0.000239199143831345	0.478954453952611
15.2500000000000	0.000718471566973881	0.000236560897613168	0.478952468372881
15.3000000000000	0.000717835888722513	0.000233941387270281	0.478950388729572
15.3500000000000	0.000717112345433230	0.000231344657621178	0.478948214091361
15.4000000000000	0.000716296555817472	0.000228775076246616	0.478945937938988
15.4500000000000	0.000715383755145669	0.000226237750337624	0.478943554684520
15.5000000000000	0.000714365449946156	0.000223739826495673	0.478941056877375
15.5500000000000	0.000713206245471021	0.000221303287706613	0.478938407264650
15.6000000000000	0.000711939397890762	0.000218920858346320	0.478935647755861
15.6500000000000	0.000710563398430144	0.000216599409234556	0.478932775557041
15.7000000000000	0.000709073324675312	0.000214348901317958	0.478929792530835
15.7500000000000	0.000707465022834250	0.000212180001669909	0.478926695883274
15.8000000000000	0.000705739341104709	0.000210100975781798	0.478923490270972
15.8500000000000	0.000703900262990650	0.000208119649017810	0.478920183144510
15.9000000000000	0.000701943725225471	0.000206253362413544	0.478916778229177
15.9500000000000	0.000699889805376828	0.000204494300696014	0.478913296945393
16	0.000697751035560660	0.000202837967555513	0.478909757919610
16.0500000000000	0.000695533143735229	0.000201287894196260	0.478906167671084
16.1000000000000	0.000693239390219671	0.000199849766381801	0.478902532719076
16.1500000000000	0.000690881099989202	0.000198517339396126	0.478898867964745
16.2000000000000	0.000688461134006349	0.000197298880543465	0.478895178064704
16.2500000000000	0.000685992483719009	0.000196182156486623	0.478891477920115
16.3000000000000	0.000683482826557473	0.000195159931001163	0.478887772187591
16.3500000000000	0.000680939471022936	0.000194223064920770	0.478884069249034
16.4000000000000	0.000678368198579672	0.000193364192917622	0.478880372829735
16.4500000000000	0.000675772679654354	0.000192579893218370	0.478876687586308
16.5000000000000	0.000673153471734257	0.000191877024295926	0.478873014450073
16.5500000000000	0.000670514806205023	0.000191250507289962	0.478869361802936
16.6000000000000	0.000667863147658505	0.000190681017609250	0.478865725919604
16.6500000000000	0.000665200355464144	0.000190165451471887	0.478862109594047
16.7000000000000	0.000662528030617230	0.000189700843241625	0.478858514688909
16.7500000000000	0.000659847719451523	0.000189283625109833	0.478854940272868
16.8000000000000	0.000657160785221670	0.000188910227070245	0.478851390071213
16.8500000000000	0.000654467468053941	0.000188585310015640	0.478847861289978
16.9000000000000	0.000651770097736479	0.000188295908879503	0.478844353929162
16.9500000000000	0.000649069190984605	0.000188041428634811	0.478840871714056
17	0.000646365456465568	0.000187818290196872	0.478837410919368
17.0500000000000	0.000643659551609906	0.000187622527329722	0.478833971545100
17.1000000000000	0.000640951913319031	0.000187451748110704	0.478830551728606
17.1500000000000	0.000638242644716544	0.000187308423075421	0.478827156126499
17.2000000000000	0.000635532279207949	0.000187187443461349	0.478823780082166
17.2500000000000	0.000632821083267364	0.000187086868947916	0.478820425458252
17.3000000000000	0.000630109291439056	0.000187003467555894	0.478817090392113
17.3500000000000	0.000627397060924677	0.000186935519206835	0.478813774883747
17.4000000000000	0.000624684495619604	0.000186881912850544	0.478810478933156
17.4500000000000	0.000621971715969692	0.000186840024744831	0.478807199746370
17.5000000000000	0.000619258744095135	0.000186813006584809	0.478803940117359
17.5500000000000	0.000616545692892842	0.000186796108129310	0.478800699114800
17.6000000000000	0.000613832603624730	0.000186786938146041	0.478797473944724
17.6500000000000	0.000611119499339009	0.000186784479947393	0.478794267401099
17.7000000000000	0.000608406395283509	0.000186788074851701	0.478791075758636
17.7500000000000	0.000605693302808528	0.000186797070787536	0.478787900879979
17.8000000000000	0.000602980231913024	0.000186811207929189	0.478784740902483
17.8500000000000	0.000600267184827577	0.000186829269564078	0.478781597688794
17.9000000000000	0.000597554140281324	0.000186847733591028	0.478778469376266
17.9500000000000	0.000594841104204633	0.000186867363024982	0.478775354102254
18	0.000592128074317049	0.000186887842349219	0.478772254660726
18.0500000000000	0.000589415040473973	0.000186907768327412	0.478769168257713
18.1000000000000	0.000586701991322211	0.000186925551695840	0.478766095824540
18.1500000000000	0.000583988936631208	0.000186942481351101	0.478763037361205
18.2000000000000	0.000581275863703420	0.000186956158152376	0.478759991936386
18.2500000000000	0.000578562772531455	0.000186965292844849	0.478756959550083
18.3000000000000	0.000575849673850181	0.000186972441303957	0.478753938339651
18.3500000000000	0.000573136568095992	0.000186977427812639	0.478750932030380
18.4000000000000	0.000570423459869999	0.000186977428256948	0.478747937828302
18.4500000000000	0.000567710351644005	0.000186977428701258	0.478744958527386
18.5000000000000	0.000564997243418008	0.000186977429145568	0.478741993196309
18.5500000000000	0.000562284135192008	0.000186977429589878	0.478739042766392
18.6000000000000	0.000559571026966005	0.000186977430034187	0.478736105374992
18.6500000000000	0.000556857918740000	0.000186977430478497	0.478733182884753
18.7000000000000	0.000554144810513993	0.000186977430922807	0.478730274364352
18.7500000000000	0.000551431702287983	0.000186977431367117	0.478727378882468
18.8000000000000	0.000548718594061970	0.000186977431811427	0.478724500164390
18.8500000000000	0.000546005485835956	0.000186977432255736	0.478721633553505
18.9000000000000	0.000543292377609938	0.000186977432700046	0.478718781843781
18.9500000000000	0.000540579269383918	0.000186977433144356	0.478715943172574
19	0.000537866161157896	0.000186977433588666	0.478713120333850
19.0500000000000	0.000535153052931871	0.000186977434032975	0.478710311464965
19.1000000000000	0.000532439944705844	0.000186977434477285	0.478707516565919
19.1500000000000	0.000529726836479814	0.000186977434921595	0.478704736568034
19.2000000000000	0.000527013728253782	0.000186977435365905	0.478701968677342
19.2500000000000	0.000524300620027748	0.000186977435810214	0.478699216619134
19.3000000000000	0.000521587511801711	0.000186977436254524	0.478696478530765
19.3500000000000	0.000518874403575672	0.000186977436698834	0.478693755343556
19.4000000000000	0.000516161295349630	0.000186977437143144	0.478691044263542
19.4500000000000	0.000513448187123586	0.000186977437587453	0.478688349947333
19.5000000000000	0.000510735078897540	0.000186977438031763	0.478685667738318
19.5500000000000	0.000508021970671492	0.000186977438476073	0.478683001361787
19.6000000000000	0.000505308862445441	0.000186977438920383	0.478680348023772
