0			20.8143000000000	90.7151000000000	0.478400000000000
0.0500000000000000	20.8143000000000	90.4151000000000	0.478400000000000
0.100000000000000	20.8143000000000	90.1151000000000	0.478400000000000
0.150000000000000	20.8143000000000	89.8151000000000	0.478400000000000
0.200000000000000	20.8143000000000	89.5151000000000	0.478400000000000
0.250000000000000	20.8143000000000	89.2151000000000	0.478400000000000
0.300000000000000	20.8143000000000	88.9151000000000	0.478400000000000
0.350000000000000	20.8143000000000	88.6151000000000	0.478400000000000
0.400000000000000	20.8143000000000	88.3151000000000	0.478400000000000
0.450000000000000	20.8143000000000	88.0151000000000	0.478400000000000
0.500000000000000	20.8143000000000	87.7151000000000	0.478400000000000
0.550000000000000	20.8143000000000	87.4151000000000	0.478400000000000
0.600000000000000	20.8143000000000	87.1151000000000	0.478400000000000
0.650000000000000	20.8143000000000	86.8151000000000	0.478400000000000
0.700000000000000	20.8143000000000	86.5151000000000	0.478400000000000
0.750000000000000	20.8143000000000	86.2151000000000	0.478400000000000
0.800000000000000	20.8143000000000	85.9151000000000	0.478400000000000
0.850000000000000	20.8143000000000	85.6151000000000	0.478400000000000
0.900000000000000	20.8143000000000	85.3151000000000	0.478400000000000
0.950000000000000	20.8143000000000	85.0151000000000	0.478400000000000
1	20.8143000000000	84.7151000000000	0.478400000000000
1.05000000000000	20.8143000000000	84.4151000000000	0.478400000000000
1.10000000000000	20.8143000000000	84.1151000000000	0.478400000000000
1.15000000000000	20.8149024159496	83.8151012096657	0.478400000000000
1.20000000000000	20.8161072255511	83.5151036289525	0.478400000000000
1.25000000000000	20.8182492869203	83.2151120569545	0.478400000000000
1.30000000000000	20.8218214297156	82.9151338627649	0.478400000000000
1.35000000000000	20.8259637555780	82.6151624824250	0.478400000000000
1.40000000000000	20.8320846168057	82.3152257669524	0.478400000000000
1.45000000000000	20.8402222291110	82.0153365265712	0.478400000000000
1.50000000000000	20.8501873622067	81.7155025435088	0.478400000000000
1.55000000000000	20.8620246253870	81.4157371453683	0.478400000000000
1.60000000000000	20.8760494948545	81.1160667678539	0.478400000000000
1.65000000000000	20.8925165002880	80.8165210986286	0.478400000000000
1.70000000000000	20.9115336779005	80.5171268326316	0.478400000000000
1.75000000000000	20.9332073176731	80.2179134604054	0.478400000000000
1.80000000000000	20.9580443982078	79.9189478848415	0.478400000000000
1.85000000000000	20.9863944222969	79.6202944924189	0.478400000000000
1.90000000000000	21.0182987486389	79.3219996100427	0.478400000000000
1.95000000000000	21.0539067638905	79.0241236871017	0.478400000000000
2	21.0939478075331	78.7268113520621	0.478400000000000
2.05000000000000	21.1385950612348	78.4301546032706	0.478400000000000
2.10000000000000	21.1882989140437	78.1343044936846	0.478400000000000
2.15000000000000	21.2434033896442	77.8394162681081	0.478400000000000
2.20000000000000	21.3044417933257	77.5457024923384	0.478400000000000
2.25000000000000	21.3717879511100	77.2533740999352	0.478400000000000
2.30000000000000	21.4460419811336	76.9627302333671	0.478400000000000
2.35000000000000	21.5278777471088	76.6741315925040	0.478400000000000
2.40000000000000	21.6174852425632	76.3878519143248	0.478400000000000
2.45000000000000	21.7155552550532	76.1043654664200	0.478400000000000
2.50000000000000	21.8225467385729	75.8241217058293	0.478400000000000
2.55000000000000	21.9389094132999	75.5476361979238	0.478400000000000
2.60000000000000	22.0658241750299	75.2758309423336	0.478400000000000
2.65000000000000	22.2040080231626	75.0095693360850	0.478400000000000
2.70000000000000	22.3539768134107	74.7497669354673	0.478400000000000
2.75000000000000	22.5152198310501	74.4968277789027	0.478400000000000
2.80000000000000	22.6883588093566	74.2519205418602	0.478400000000000
2.85000000000000	22.8743430130608	74.0166151596299	0.478400000000000
2.90000000000000	23.0718146523428	73.7908771500589	0.478400000000000
2.95000000000000	23.2807803942628	73.5757582622471	0.478400000000000
3	23.5014674101023	73.3726990470493	0.478400000000000
3.05000000000000	23.7328834638126	73.1819179020729	0.478400000000000
3.10000000000000	23.9739644825388	73.0034944919489	0.478400000000000
3.15000000000000	24.2239437158626	72.8377389860558	0.478400000000000
3.20000000000000	24.4827443526077	72.6861117396542	0.478400000000000
3.25000000000000	24.7487117754332	72.5473722617160	0.478400000000000
3.30000000000000	25.0212752515578	72.4220806773757	0.478400000000000
3.35000000000000	25.2990535781588	72.3088551088804	0.478400000000000
3.40000000000000	25.5813863785409	72.2075350148953	0.478400000000000
3.45000000000000	25.8675208041567	72.1175237197017	0.478400000000000
3.50000000000000	26.1568310732600	72.0382965954496	0.478400000000000
3.55000000000000	26.4487434661166	71.9692808162947	0.478400000000000
3.60000000000000	26.7428020415574	71.9100316904235	0.478400000000000
3.65000000000000	27.0385342821091	71.8597709630502	0.478400000000000
3.70000000000000	27.3356048458304	71.8181117604035	0.478400000000000
3.75000000000000	27.6336815993092	71.7843311757313	0.478400000000000
3.80000000000000	27.9324905602076	71.7577331474605	0.478400000000000
3.85000000000000	28.2318357916100	71.7379994335051	0.478400000000000
3.90000000000000	28.5315467603028	71.7249106269093	0.478400000000000
3.95000000000000	28.8314494820765	71.7174889114625	0.478400000000000
4	29.1314372564377	71.7151027760656	0.478400000000000
4.05000000000000	29.4314372564377	71.7151027760655	0.478400000000000
4.10000000000000	29.7314372564377	71.7151027760656	0.478400000000000
4.15000000000000	30.0314372564377	71.7151027760656	0.478400000000000
4.20000000000000	30.3314372564377	71.7151027760655	0.478400000000000
4.25000000000000	30.6314372564377	71.7151027760656	0.478400000000000
4.30000000000000	30.9314372564377	71.7151027760656	0.478400000000000
4.35000000000000	31.2314372564377	71.7151027760655	0.478400000000000
4.40000000000000	31.5314372564377	71.7151027760656	0.478400000000000
4.45000000000000	31.8314372564377	71.7151027760656	0.478400000000000
4.50000000000000	32.1314372564377	71.7151027760655	0.478400000000000
4.55000000000000	32.4314372564377	71.7151027760656	0.478400000000000
4.60000000000000	32.7314372564377	71.7151027760656	0.478400000000000
4.65000000000000	33.0314372564377	71.7151027760655	0.478400000000000
4.70000000000000	33.3314372564377	71.7151027760656	0.478400000000000
4.75000000000000	33.6314372564377	71.7151027760656	0.478400000000000
4.80000000000000	33.9314372564377	71.7151027760655	0.478400000000000
4.85000000000000	34.2314372564377	71.7151027760656	0.478400000000000
4.90000000000000	34.5314372564377	71.7151027760656	0.478400000000000
4.95000000000000	34.8314372564377	71.7151027760655	0.478400000000000
5	35.1314372564377	71.7151027760656	0.478400000000000
5.05000000000000	35.4314372564377	71.7151027760656	0.478400000000000
5.10000000000000	35.7314372564377	71.7151027760655	0.478400000000000
5.15000000000000	36.0314372564377	71.7151027760656	0.478400000000000
5.20000000000000	36.3314372564377	71.7151027760656	0.478400000000000
5.25000000000000	36.6314372564377	71.7151027760655	0.478400000000000
5.30000000000000	36.9314372564377	71.7151027760656	0.478400000000000
5.35000000000000	37.2314372564377	71.7151027760656	0.478400000000000
5.40000000000000	37.5314372564377	71.7151027760655	0.478400000000000
5.45000000000000	37.8314372564377	71.7151027760656	0.478400000000000
5.50000000000000	38.1314372564377	71.7151027760656	0.478400000000000
5.55000000000000	38.4314372559683	71.7151184982452	0.478400000000000
5.60000000000000	38.7314372554333	71.7151364135272	0.478400000000000
5.65000000000000	39.0314372548984	71.7151543288093	0.478400000000000
5.70000000000000	39.3314372543635	71.7151722440913	0.478400000000000
5.75000000000000	39.6314372538285	71.7151901593733	0.478400000000000
5.80000000000000	39.9314372532936	71.7152080746554	0.478400000000000
5.85000000000000	40.2314372527587	71.7152259899374	0.478400000000000
5.90000000000000	40.5314372522238	71.7152439052194	0.478400000000000
5.95000000000000	40.8314372516888	71.7152618205015	0.478400000000000
6	41.1314372511539	71.7152797357835	0.478400000000000
6.05000000000000	41.4314372506190	71.7152976510655	0.478400000000000
6.10000000000000	41.7314372500840	71.7153155663476	0.478400000000000
6.15000000000000	42.0314372495491	71.7153334816296	0.478400000000000
6.20000000000000	42.3314372490142	71.7153513969116	0.478400000000000
6.25000000000000	42.6314372484792	71.7153693121937	0.478400000000000
6.30000000000000	42.9314372479443	71.7153872274757	0.478400000000000
6.35000000000000	43.2314372474094	71.7154051427578	0.478400000000000
6.40000000000000	43.5314372468745	71.7154230580398	0.478400000000000
6.45000000000000	43.8314372463395	71.7154409733218	0.478400000000000
6.50000000000000	44.1314372458046	71.7154588886039	0.478400000000000
6.55000000000000	44.4314372452697	71.7154768038859	0.478400000000000
6.60000000000000	44.7314372447348	71.7154947191679	0.478400000000000
6.65000000000000	45.0314372441998	71.7155126344499	0.478400000000000
6.70000000000000	45.3314372436649	71.7155305497320	0.478400000000000
6.75000000000000	45.6314372431300	71.7155484650140	0.478400000000000
6.80000000000000	45.9314372425950	71.7155663802960	0.478400000000000
6.85000000000000	46.2314372419423	71.7155861013037	0.478400000000000
6.90000000000000	46.5314372411912	71.7156073297864	0.478400000000000
6.95000000000000	46.8314372404401	71.7156285582691	0.478400000000000
7	47.1314372396891	71.7156497867519	0.478400000000000
7.05000000000000	47.4314372389380	71.7156710152346	0.478400000000000
7.10000000000000	47.7314372381869	71.7156922437173	0.478400000000000
7.15000000000000	48.0314372374358	71.7157134722001	0.478400000000000
7.20000000000000	48.3314372366847	71.7157347006828	0.478400000000000
7.25000000000000	48.6314372359336	71.7157559291655	0.478400000000000
7.30000000000000	48.9314372351826	71.7157771576483	0.478400000000000
7.35000000000000	49.2314372344315	71.7157983861310	0.478400000000000
7.40000000000000	49.5314372336804	71.7158196146137	0.478400000000000
7.45000000000000	49.8314372329293	71.7158408430964	0.478400000000000
7.50000000000000	50.1314372321782	71.7158620715792	0.478400000000000
7.55000000000000	50.4314372314272	71.7158833000619	0.478400000000000
7.60000000000000	50.7314372306761	71.7159045285446	0.478400000000000
7.65000000000000	51.0314372299250	71.7159257570274	0.478400000000000
7.70000000000000	51.3314372291739	71.7159469855101	0.478400000000000
7.75000000000000	51.6314372284228	71.7159682139928	0.478400000000000
7.80000000000000	51.9314372276718	71.7159894424756	0.478400000000000
7.85000000000000	52.2314372269207	71.7160106709583	0.478400000000000
7.90000000000000	52.5314372261696	71.7160318994410	0.478400000000000
7.95000000000000	52.8314372254185	71.7160531279237	0.478400000000000
8	53.1314372246674	71.7160743564064	0.478400000000000
8.05000000000000	53.4314372239164	71.7160955848892	0.478400000000000
8.10000000000000	53.7314372231653	71.7161168133719	0.478400000000000
8.15000000000000	54.0314404723949	71.7161396775185	0.478400000000000
8.20000000000000	54.3314404714735	71.7161631900030	0.478400000000000
8.25000000000000	54.6314404705521	71.7161867024875	0.478400000000000
8.30000000000000	54.9314404696307	71.7162102149721	0.478400000000000
8.35000000000000	55.2314404687093	71.7162337274566	0.478400000000000
8.40000000000000	55.5314404677879	71.7162572399412	0.478400000000000
8.45000000000000	55.8314404668665	71.7162807524257	0.478400000000000
8.50000000000000	56.1314404659451	71.7163042649102	0.478400000000000
8.55000000000000	56.4314404650237	71.7163277773948	0.478400000000000
8.60000000000000	56.7314404641023	71.7163512898793	0.478400000000000
8.65000000000000	57.0314404631809	71.7163748023638	0.478400000000000
8.70000000000000	57.3314404622595	71.7163983148484	0.478400000000000
8.75000000000000	57.6314404613381	71.7164218273329	0.478400000000000
8.80000000000000	57.9314404604167	71.7164453398175	0.478400000000000
8.85000000000000	58.2314404594953	71.7164688523020	0.478400000000000
8.90000000000000	58.5314404585739	71.7164923647866	0.478400000000000
8.95000000000000	58.8314404576526	71.7165158772711	0.478400000000000
9	59.1314404567312	71.7165393897556	0.478400000000000
9.05000000000000	59.4314404558098	71.7165629022402	0.478400000000000
9.10000000000000	59.7314404548884	71.7165864147247	0.478400000000000
9.15000000000000	60.0314404539670	71.7166099272092	0.478400000000000
9.20000000000000	60.3314404530456	71.7166334396938	0.478400000000000
9.25000000000000	60.6314404521242	71.7166569521783	0.478400000000000
9.30000000000000	60.9314404512028	71.7166804646628	0.478400000000000
9.35000000000000	61.2314404502814	71.7167039771474	0.478400000000000
9.40000000000000	61.5314404493600	71.7167274896319	0.478400000000000
9.45000000000000	61.8314404484386	71.7167510021165	0.478400000000000
9.50000000000000	62.1314404475172	71.7167745146010	0.478400000000000
9.55000000000000	62.4314404465958	71.7167980270855	0.478400000000000
9.60000000000000	62.7314404456744	71.7168215395701	0.478400000000000
9.65000000000000	63.0314404447530	71.7168450520546	0.478400000000000
9.70000000000000	63.3314404438316	71.7168685645391	0.478400000000000
9.75000000000000	63.6314404429102	71.7168920770237	0.478400000000000
9.80000000000000	63.9314404419888	71.7169155895082	0.478400000000000
9.85000000000000	64.2314404410674	71.7169391019928	0.478400000000000
9.90000000000000	64.5314404401460	71.7169626144773	0.478400000000000
9.95000000000000	64.8314404392247	71.7169861269618	0.478400000000000
10	65.1314404383032	71.7170096394464	0.478400000000000
10.0500000000000	65.4314404373819	71.7170331519309	0.478400000000000
10.1000000000000	65.7314404364605	71.7170566644155	0.478400000000000
10.1500000000000	66.0314404355391	71.7170801769000	0.478400000000000
10.2000000000000	66.3314404346177	71.7171036893845	0.478400000000000
10.2500000000000	66.6314404336963	71.7171272018691	0.478400000000000
10.3000000000000	66.9314404327749	71.7171507143536	0.478400000000000
10.3500000000000	67.2314404318535	71.7171742268381	0.478400000000000
10.4000000000000	67.5314404309321	71.7171977393227	0.478400000000000
10.4500000000000	67.8314404300107	71.7172212518072	0.478400000000000
10.5000000000000	68.1314404290893	71.7172447642917	0.478400000000000
10.5500000000000	68.4314404281679	71.7172682767763	0.478400000000000
10.6000000000000	68.7314404272465	71.7172917892608	0.478400000000000
10.6500000000000	69.0314404263251	71.7173153017454	0.478400000000000
10.7000000000000	69.3314404254037	71.7173388142299	0.478400000000000
10.7500000000000	69.6314404244823	71.7173623267144	0.478400000000000
10.8000000000000	69.9314404235609	71.7173858391990	0.478400000000000
10.8500000000000	70.2314404226395	71.7174093516835	0.478400000000000
10.9000000000000	70.5314404217181	71.7174328641681	0.478400000000000
10.9500000000000	70.8314404207968	71.7174563766526	0.478400000000000
11	71.1314404198754	71.7174798891371	0.478400000000000
11.0500000000000	71.4314404189540	71.7175034016217	0.478400000000000
11.1000000000000	71.7314404180326	71.7175269141062	0.478400000000000
11.1500000000000	72.0314404171111	71.7175504265907	0.478400000000000
11.2000000000000	72.3314404161898	71.7175739390753	0.478400000000000
11.2500000000000	72.6314404152684	71.7175974515598	0.478400000000000
11.3000000000000	72.9314404143470	71.7176209640443	0.478400000000000
11.3500000000000	73.2314404134256	71.7176444765289	0.478400000000000
11.4000000000000	73.5314404125042	71.7176679890134	0.478400000000000
11.4500000000000	73.8314404115828	71.7176915014980	0.478400000000000
11.5000000000000	74.1314404106614	71.7177150139825	0.478400000000000
11.5500000000000	74.4314404097400	71.7177385264670	0.478400000000000
11.6000000000000	74.7314404088186	71.7177620389516	0.478400000000000
11.6500000000000	75.0314404078972	71.7177855514361	0.478400000000000
11.7000000000000	75.3314404069758	71.7178090639207	0.478400000000000
11.7500000000000	75.6314404060544	71.7178325764052	0.478400000000000
11.8000000000000	75.9314404051330	71.7178560888897	0.478400000000000
11.8500000000000	76.2314404042116	71.7178796013743	0.478400000000000
11.9000000000000	76.5314404032902	71.7179031138588	0.478400000000000
11.9500000000000	76.8314404023688	71.7179266263433	0.478400000000000
12	77.1314404014474	71.7179501388279	0.478400000000000
12.0500000000000	77.4314404005260	71.7179736513124	0.478400000000000
12.1000000000000	77.7314403996046	71.7179971637970	0.478400000000000
12.1500000000000	78.0314403986832	71.7180206762815	0.478400000000000
12.2000000000000	78.3314403977619	71.7180441887660	0.478400000000000
12.2500000000000	78.6314403968405	71.7180677012506	0.478400000000000
12.3000000000000	78.9314403959191	71.7180912137351	0.478400000000000
12.3500000000000	79.2314403949977	71.7181147262196	0.478400000000000
12.4000000000000	79.5314403940763	71.7181382387042	0.478400000000000
12.4500000000000	79.8314403931549	71.7181617511887	0.478400000000000
12.5000000000000	80.1314403922335	71.7181852636733	0.478400000000000
12.5500000000000	80.4314403913121	71.7182087761578	0.478400000000000
12.6000000000000	80.7314403903907	71.7182322886423	0.478400000000000
12.6500000000000	81.0314403894693	71.7182558011269	0.478400000000000
12.7000000000000	81.3314403885479	71.7182793136114	0.478400000000000
12.7500000000000	81.6314403876265	71.7183028260959	0.478400000000000
12.8000000000000	81.9314403867051	71.7183263385805	0.478400000000000
12.8500000000000	82.2314403857837	71.7183498510650	0.478400000000000
12.9000000000000	82.5314403848623	71.7183733635496	0.478400000000000
12.9500000000000	82.8314403839409	71.7183968760341	0.478400000000000
13	83.1314403830195	71.7184203885186	0.478400000000000
13.0500000000000	83.4314403820981	71.7184439010032	0.478400000000000
13.1000000000000	83.7314403811767	71.7184674134877	0.478400000000000
13.1500000000000	84.0314403802553	71.7184909259722	0.478400000000000
13.2000000000000	84.3314403793339	71.7185144384568	0.478400000000000
13.2500000000000	84.6314403784125	71.7185379509413	0.478400000000000
13.3000000000000	84.9314403774911	71.7185614634258	0.478400000000000
13.3500000000000	85.2314403765698	71.7185849759104	0.478400000000000
13.4000000000000	85.5314403756484	71.7186084883949	0.478400000000000
13.4500000000000	85.8314403739432	71.7186420008794	0.478400000000000
13.5000000000000	86.1314403730218	71.7186655133640	0.478400000000000
13.5500000000000	86.4314403721004	71.7186890258485	0.478400000000000
13.6000000000000	86.7314403711790	71.7187125383330	0.478400000000000
13.6500000000000	87.0314403702576	71.7187360508176	0.478400000000000
13.7000000000000	87.3314403693363	71.7187595633021	0.478400000000000
13.7500000000000	87.6314403684148	71.7187830757867	0.478400000000000
13.8000000000000	87.9314403674935	71.7188065882712	0.478400000000000
13.8500000000000	88.2314403665720	71.7188301007557	0.478400000000000
13.9000000000000	88.5314403656507	71.7188536132403	0.478400000000000
13.9500000000000	88.8314403647293	71.7188771257248	0.478400000000000
14	89.1314403638079	71.7189006382094	0.478400000000000
14.0500000000000	89.4314403628865	71.7189241506939	0.478400000000000
14.1000000000000	89.7314403619651	71.7189476631784	0.478400000000000
14.1500000000000	90.0314403610437	71.7189711756630	0.478400000000000
14.2000000000000	90.3314403601223	71.7189946881475	0.478400000000000
14.2500000000000	90.6314403592009	71.7190182006320	0.478400000000000
14.3000000000000	90.9314403582795	71.7190417131166	0.478400000000000
14.3500000000000	91.2314403573581	71.7190652256011	0.478400000000000
14.4000000000000	91.5314403564367	71.7190887380857	0.478400000000000
14.4500000000000	91.8314403555153	71.7191122505702	0.478400000000000
14.5000000000000	92.1314403545939	71.7191357630547	0.478400000000000
14.5500000000000	92.4314403536725	71.7191592755393	0.478400000000000
14.6000000000000	92.7314403527512	71.7191827880238	0.478400000000000
14.6500000000000	93.0314403518297	71.7192063005083	0.478400000000000
14.7000000000000	93.3314403509084	71.7192298129929	0.478400000000000
14.7500000000000	93.6314403499870	71.7192533254774	0.478400000000000
14.8000000000000	93.9314403490656	71.7192768379619	0.478400000000000
14.8500000000000	94.2314403481442	71.7193003504465	0.478400000000000
14.9000000000000	94.5314403472228	71.7193238629310	0.478400000000000
14.9500000000000	94.8314403463014	71.7193473754156	0.478400000000000
15	95.1314403453800	71.7193708879001	0.478400000000000
15.0500000000000	95.4314403444586	71.7193944003846	0.478400000000000
15.1000000000000	95.7314403435372	71.7194179128692	0.478400000000000
15.1500000000000	96.0314403426158	71.7194414253537	0.478400000000000
15.2000000000000	96.3314403416944	71.7194649378383	0.478400000000000
15.2500000000000	96.6314403407730	71.7194884503228	0.478400000000000
15.3000000000000	96.9314403398516	71.7195119628073	0.478400000000000
15.3500000000000	97.2314403389302	71.7195354752919	0.478400000000000
15.4000000000000	97.5314403380088	71.7195589877764	0.478400000000000
15.4500000000000	97.8314403370874	71.7195825002609	0.478400000000000
15.5000000000000	98.1314403361660	71.7196060127455	0.478400000000000
15.5500000000000	98.4314403352446	71.7196295252300	0.478400000000000
15.6000000000000	98.7314403343233	71.7196530377146	0.478400000000000
15.6500000000000	99.0314403334019	71.7196765501991	0.478400000000000
15.7000000000000	99.3314403324805	71.7197000626836	0.478400000000000
15.7500000000000	99.6314403315591	71.7197235751682	0.478400000000000
15.8000000000000	99.9314403306377	71.7197470876527	0.478400000000000
15.8500000000000	100.231440329716	71.7197706001372	0.478400000000000
15.9000000000000	100.531440328795	71.7197941126218	0.478400000000000
15.9500000000000	100.831440327874	71.7198176251063	0.478400000000000
16	101.131440326952	71.7198411375909	0.478400000000000
16.0500000000000	101.431440326031	71.7198646500754	0.478400000000000
16.1000000000000	101.731440325109	71.7198881625599	0.478400000000000
16.1500000000000	102.031440324188	71.7199116750445	0.478400000000000
16.2000000000000	102.331440323267	71.7199351875290	0.478400000000000
16.2500000000000	102.631440322345	71.7199587000136	0.478400000000000
16.3000000000000	102.931440321424	71.7199822124981	0.478400000000000
16.3500000000000	103.231440320502	71.7200057249826	0.478400000000000
16.4000000000000	103.531440319581	71.7200292374672	0.478400000000000
16.4500000000000	103.831440318660	71.7200527499517	0.478400000000000
16.5000000000000	104.131440317738	71.7200762624362	0.478400000000000
16.5500000000000	104.431440316817	71.7200997749208	0.478400000000000
16.6000000000000	104.731440315895	71.7201232874053	0.478400000000000
16.6500000000000	105.031440314974	71.7201467998899	0.478400000000000
16.7000000000000	105.331440314053	71.7201703123744	0.478400000000000
16.7500000000000	105.631440313131	71.7201938248589	0.478400000000000
16.8000000000000	105.931440312210	71.7202173373435	0.478400000000000
16.8500000000000	106.231440311288	71.7202408498280	0.478400000000000
16.9000000000000	106.531440310367	71.7202643623126	0.478400000000000
16.9500000000000	106.831440309446	71.7202878747971	0.478400000000000
17	107.131440308524	71.7203113872816	0.478400000000000
17.0500000000000	107.431440307603	71.7203348997662	0.478400000000000
17.1000000000000	107.731440306681	71.7203584122507	0.478400000000000
17.1500000000000	108.031440305760	71.7203819247352	0.478400000000000
17.2000000000000	108.331440304839	71.7204054372198	0.478400000000000
17.2500000000000	108.631440303917	71.7204289497043	0.478400000000000
17.3000000000000	108.931440302996	71.7204524621888	0.478400000000000
17.3500000000000	109.231440302074	71.7204759746734	0.478400000000000
17.4000000000000	109.531440301153	71.7204994871579	0.478400000000000
17.4500000000000	109.831440300232	71.7205229996425	0.478400000000000
17.5000000000000	110.131440299310	71.7205465121270	0.478400000000000
17.5500000000000	110.431440298389	71.7205700246115	0.478400000000000
17.6000000000000	110.731440297467	71.7205935370961	0.478400000000000
17.6500000000000	111.031440296546	71.7206170495806	0.478400000000000
17.7000000000000	111.331440295625	71.7206405620651	0.478400000000000
17.7500000000000	111.631440294703	71.7206640745497	0.478400000000000
17.8000000000000	111.931440293782	71.7206875870342	0.478400000000000
17.8500000000000	112.231440292861	71.7207110995188	0.478400000000000
17.9000000000000	112.531440291939	71.7207346120033	0.478400000000000
17.9500000000000	112.831440291018	71.7207581244878	0.478400000000000
18	113.131440290096	71.7207816369724	0.478400000000000
18.0500000000000	113.431440289175	71.7208051494569	0.478400000000000
18.1000000000000	113.731440288254	71.7208286619415	0.478400000000000
18.1500000000000	114.031440287332	71.7208521744260	0.478400000000000
18.2000000000000	114.331440286411	71.7208756869105	0.478400000000000
18.2500000000000	114.631440285489	71.7208991993951	0.478400000000000
18.3000000000000	114.931440284568	71.7209227118796	0.478400000000000
18.3500000000000	115.231440283647	71.7209462243641	0.478400000000000
18.4000000000000	115.531440282725	71.7209697368487	0.478400000000000
18.4500000000000	115.831440281804	71.7209932493332	0.478400000000000
18.5000000000000	116.131440280882	71.7210167618178	0.478400000000000
18.5500000000000	116.431440279961	71.7210402743023	0.478400000000000
18.6000000000000	116.731440279040	71.7210637867868	0.478400000000000
18.6500000000000	117.031440278118	71.7210872992714	0.478400000000000
18.7000000000000	117.331440277197	71.7211108117559	0.478400000000000
18.7500000000000	117.631440276275	71.7211343242404	0.478400000000000
18.8000000000000	117.931440275354	71.7211578367250	0.478400000000000
18.8500000000000	118.231440274433	71.7211813492095	0.478400000000000
18.9000000000000	118.531440273511	71.7212048616941	0.478400000000000
18.9500000000000	118.831440272590	71.7212283741786	0.478400000000000
19	119.131440271668	71.7212518866631	0.478400000000000
19.0500000000000	119.431440270747	71.7212753991477	0.478400000000000
19.1000000000000	119.731440269826	71.7212989116322	0.478400000000000
19.1500000000000	120.031440268904	71.7213224241168	0.478400000000000
19.2000000000000	120.331440267983	71.7213459366013	0.478400000000000
19.2500000000000	120.631440267061	71.7213694490858	0.478400000000000
19.3000000000000	120.931440266140	71.7213929615704	0.478400000000000
19.3500000000000	121.231440265219	71.7214164740549	0.478400000000000
19.4000000000000	121.531440264297	71.7214399865394	0.478400000000000
19.4500000000000	121.831440263376	71.7214634990240	0.478400000000000
19.5000000000000	122.131440262454	71.7214870115085	0.478400000000000
19.5500000000000	122.431440261533	71.7215105239931	0.478400000000000
19.6000000000000	122.731421529835	71.7190300673083	0.478400000000000
19.6500000000000	123.031198260371	71.7080236138384	0.478400000000000
19.7000000000000	123.330158826063	71.6834589109394	0.478400000000000
19.7500000000000	123.627735530584	71.6458217614780	0.478400000000000
19.8000000000000	123.922833816331	71.5922953768745	0.478400000000000
19.8500000000000	124.214139275869	71.5209077228563	0.478400000000000
19.9000000000000	124.499171615756	71.4277099026899	0.478400000000000
19.9500000000000	124.776049272914	71.3126429957972	0.478400000000000
20	125.042350126396	71.1748346673372	0.478400000000000
20.0500000000000	125.292255126573	71.0092326880778	0.478400000000000
20.1000000000000	125.523700187107	70.8187127730281	0.478400000000000
20.1500000000000	125.734618177580	70.6057578194330	0.478400000000000
20.2000000000000	125.922642347637	70.3722200403828	0.478400000000000
20.2500000000000	126.084273962423	70.1196334063725	0.478400000000000
20.3000000000000	126.223259399328	69.8540063958339	0.478400000000000
20.3500000000000	126.342292061323	69.5787182628886	0.478400000000000
20.4000000000000	126.443036984726	69.2962318845633	0.478400000000000
20.4500000000000	126.524278756977	69.0074999739626	0.478400000000000
20.5000000000000	126.591988368143	68.7152828119557	0.478400000000000
20.5500000000000	126.648836131398	68.4207429580946	0.478400000000000
20.6000000000000	126.693145426102	68.1240569485347	0.478400000000000
20.6500000000000	126.728582483977	67.8261679840611	0.478400000000000
20.7000000000000	126.757475118447	67.5275753344766	0.478400000000000
20.7500000000000	126.778865081464	67.2283500237407	0.478400000000000
20.8000000000000	126.795217379008	66.9288003221262	0.478400000000000
20.8500000000000	126.806929840483	66.6290354449689	0.478400000000000
20.9000000000000	126.815347895344	66.3291546679080	0.478400000000000
20.9500000000000	126.820393112701	66.0291991695445	0.478400000000000
21	126.823207378699	65.7292129888457	0.478400000000000
21.0500000000000	126.824147632196	65.4292158663971	0.478400000000000
21.1000000000000	126.823885205704	65.1292160477983	0.478400000000000
21.1500000000000	126.822459369679	64.8292195053180	0.478400000000000
21.2000000000000	126.820806153364	64.5292240751957	0.478400000000000
21.2500000000000	126.819118388544	64.2292288296983	0.478400000000000
21.3000000000000	126.817575171658	63.9292328409200	0.478400000000000
21.3500000000000	126.816796900259	63.6292338571984	0.478400000000000
21.4000000000000	126.816456236290	63.3292347142112	0.478400000000000
21.4500000000000	126.816479748775	63.0292347151326	0.478400000000000
21.5000000000000	126.816503261259	62.7292347160540	0.478400000000000
21.5500000000000	126.816526773744	62.4292347169754	0.478400000000000
21.6000000000000	126.816550286228	62.1292347178968	0.478400000000000
21.6500000000000	126.816573798713	61.8292347188182	0.478400000000000
21.7000000000000	126.816597311198	61.5292347197396	0.478400000000000
21.7500000000000	126.816620823682	61.2292347206610	0.478400000000000
21.8000000000000	126.816644336167	60.9292347215824	0.478400000000000
21.8500000000000	126.816667848651	60.6292347225038	0.478400000000000
21.9000000000000	126.816691361136	60.3292347234251	0.478400000000000
21.9500000000000	126.816714873620	60.0292347243465	0.478400000000000
22	126.816738386105	59.7292347252680	0.478400000000000
22.0500000000000	126.816761898589	59.4292347261894	0.478400000000000
22.1000000000000	126.816785411074	59.1292347271107	0.478400000000000
22.1500000000000	126.816808923558	58.8292347280321	0.478400000000000
22.2000000000000	126.816832436043	58.5292347289535	0.478400000000000
22.2500000000000	126.816855948527	58.2292347298749	0.478400000000000
22.3000000000000	126.816879461012	57.9292347307963	0.478400000000000
22.3500000000000	126.816902973496	57.6292347317177	0.478400000000000
22.4000000000000	126.816926485981	57.3292347326391	0.478400000000000
22.4500000000000	126.816949998466	57.0292347335605	0.478400000000000
22.5000000000000	126.816973510950	56.7292347344819	0.478400000000000
22.5500000000000	126.816997023435	56.4292347354033	0.478400000000000
22.6000000000000	126.817020535919	56.1292347363247	0.478400000000000
22.6500000000000	126.817044048404	55.8292347372461	0.478400000000000
