0	36.8793000000000	1.34750000000000	0.478400000000000
0.0500000000000000	37.1792894237378	1.35001905646642	0.478400000000000
0.100000000000000	37.4792788474755	1.35253811293283	0.478400000000000
0.150000000000000	37.7792682712133	1.35505716939925	0.478400000000000
0.200000000000000	38.0792576949511	1.35757622586567	0.478400000000000
0.250000000000000	38.3792471186888	1.36009528233209	0.478400000000000
0.300000000000000	38.6792365424266	1.36261433879850	0.478400000000000
0.350000000000000	38.9792259661644	1.36513339526492	0.478400000000000
0.400000000000000	39.2792153899022	1.36765245173134	0.478400000000000
0.450000000000000	39.5792048136399	1.37017150819775	0.478400000000000
0.500000000000000	39.8791942373777	1.37269056466417	0.478400000000000
0.550000000000000	40.1791836611155	1.37520962113059	0.478400000000000
0.600000000000000	40.4791730848532	1.37772867759701	0.478400000000000
0.650000000000000	40.7791625085910	1.38024773406342	0.478400000000000
0.700000000000000	41.0791519323288	1.38276679052984	0.478400000000000
0.750000000000000	41.3791413560666	1.38528584699626	0.478400000000000
0.800000000000000	41.6791307798043	1.38780490346267	0.478400000000000
0.850000000000000	41.9791202035421	1.39032395992909	0.478400000000000
0.900000000000000	42.2791096272799	1.39284301639551	0.478400000000000
0.950000000000000	42.5790990510176	1.39536207286193	0.478400000000000
1	42.8790884747554	1.39788112932834	0.478400000000000
1.05000000000000	43.1790778984932	1.40040018579476	0.478400000000000
1.10000000000000	43.4790673222309	1.40291924226118	0.478400000000000
1.15000000000000	43.7790567459687	1.40543829872759	0.478400000000000
1.20000000000000	44.0790461697065	1.40795735519401	0.478400000000000
1.25000000000000	44.3790355934442	1.41047641166043	0.478400000000000
1.30000000000000	44.6790250171820	1.41299546812685	0.478400000000000
1.35000000000000	44.9790144409198	1.41551452459326	0.478400000000000
1.40000000000000	45.2790038646576	1.41803358105968	0.478400000000000
1.45000000000000	45.5789932883953	1.42055263752610	0.478400000000000
1.50000000000000	45.8789827121331	1.42307169399251	0.478400000000000
1.55000000000000	46.1789721358709	1.42559075045893	0.478400000000000
1.60000000000000	46.4789615596086	1.42810980692535	0.478400000000000
1.65000000000000	46.7789509833464	1.43062886339177	0.478400000000000
1.70000000000000	47.0789404070842	1.43314791985818	0.478400000000000
1.75000000000000	47.3789298308219	1.43566697632460	0.478400000000000
1.80000000000000	47.6789192545597	1.43818603279102	0.478400000000000
1.85000000000000	47.9789086782975	1.44070508925743	0.478400000000000
1.90000000000000	48.2788981020352	1.44322414572385	0.478400000000000
1.95000000000000	48.5788875257730	1.44574320219027	0.478400000000000
2	48.8788769495108	1.44826225865669	0.478400000000000
2.05000000000000	49.1788663732486	1.45078131512310	0.478400000000000
2.10000000000000	49.4788557969863	1.45330037158952	0.478400000000000
2.15000000000000	49.7788452207241	1.45581942805594	0.478400000000000
2.20000000000000	50.0788346444619	1.45833848452235	0.478400000000000
2.25000000000000	50.3788240681996	1.46085754098877	0.478400000000000
2.30000000000000	50.6788134919374	1.46337659745519	0.478400000000000
2.35000000000000	50.9788029156752	1.46589565392160	0.478400000000000
2.40000000000000	51.2787923394129	1.46841471038802	0.478400000000000
2.45000000000000	51.5787817631507	1.47093376685444	0.478400000000000
2.50000000000000	51.8787711868885	1.47345282332086	0.478400000000000
2.55000000000000	52.1787606106262	1.47597187978727	0.478400000000000
2.60000000000000	52.4787500343640	1.47849093625369	0.478400000000000
2.65000000000000	52.7787394581018	1.48100999272011	0.478400000000000
2.70000000000000	53.0787288818396	1.48352904918652	0.478400000000000
2.75000000000000	53.3787183055773	1.48604810565294	0.478400000000000
2.80000000000000	53.6787077293151	1.48856716211936	0.478400000000000
2.85000000000000	53.9786971530529	1.49108621858578	0.478400000000000
2.90000000000000	54.2786820939165	1.49360523740882	0.478400000000000
2.95000000000000	54.5786715176542	1.49612429387524	0.478400000000000
3	54.8786609413920	1.49864335034166	0.478400000000000
3.05000000000000	55.1786503651298	1.50116240680807	0.478400000000000
3.10000000000000	55.4786397888676	1.50368146327449	0.478400000000000
3.15000000000000	55.7786292126053	1.50620051974091	0.478400000000000
3.20000000000000	56.0786186363431	1.50871957620732	0.478400000000000
3.25000000000000	56.3786080600809	1.51123863267374	0.478400000000000
3.30000000000000	56.6785974838186	1.51375768914016	0.478400000000000
3.35000000000000	56.9785869075564	1.51627674560658	0.478400000000000
3.40000000000000	57.2785763312942	1.51879580207299	0.478400000000000
3.45000000000000	57.5785657550319	1.52131485853941	0.478400000000000
3.50000000000000	57.8785551787697	1.52383391500583	0.478400000000000
3.55000000000000	58.1785446025075	1.52635297147224	0.478400000000000
3.60000000000000	58.4785340262452	1.52887202793866	0.478400000000000
3.65000000000000	58.7785234499830	1.53139108440508	0.478400000000000
3.70000000000000	59.0785128737208	1.53391014087150	0.478400000000000
3.75000000000000	59.3785022974586	1.53642919733791	0.478400000000000
3.80000000000000	59.6784917211963	1.53894825380433	0.478400000000000
3.85000000000000	59.9784811449341	1.54146731027075	0.478400000000000
3.90000000000000	60.2784705686719	1.54398636673716	0.478400000000000
3.95000000000000	60.5784599924096	1.54650542320358	0.478400000000000
4	60.8784494161474	1.54902447967000	0.478400000000000
4.05000000000000	61.1784388398852	1.55154353613642	0.478400000000000
4.10000000000000	61.4784282636229	1.55406259260283	0.478400000000000
4.15000000000000	61.7784176873607	1.55658164906925	0.478400000000000
4.20000000000000	62.0784071110985	1.55910070553567	0.478400000000000
4.25000000000000	62.3783965348363	1.56161976200208	0.478400000000000
4.30000000000000	62.6783859585740	1.56413881846850	0.478400000000000
4.35000000000000	62.9783753823118	1.56665787493492	0.478400000000000
4.40000000000000	63.2783648060496	1.56917693140134	0.478400000000000
4.45000000000000	63.5783542297873	1.57169598786775	0.478400000000000
4.50000000000000	63.8783436535251	1.57421504433417	0.478400000000000
4.55000000000000	64.1783330772629	1.57673410080059	0.478400000000000
4.60000000000000	64.4783225010006	1.57925315726700	0.478400000000000
4.65000000000000	64.7783119247384	1.58177221373342	0.478400000000000
4.70000000000000	65.0783013484762	1.58429127019984	0.478400000000000
4.75000000000000	65.3782907722139	1.58681032666626	0.478400000000000
4.80000000000000	65.6782801959517	1.58932938313267	0.478400000000000
4.85000000000000	65.9782696196895	1.59184843959909	0.478400000000000
4.90000000000000	66.2782590434273	1.59436749606551	0.478400000000000
4.95000000000000	66.5782484671650	1.59688655253192	0.478400000000000
5	66.8782378909028	1.59940560899834	0.478400000000000
5.05000000000000	67.1782273146406	1.60192466546476	0.478400000000000
5.10000000000000	67.4782167383783	1.60444372193118	0.478400000000000
5.15000000000000	67.7782061621161	1.60696277839759	0.478400000000000
5.20000000000000	68.0781955858539	1.60948183486401	0.478400000000000
5.25000000000000	68.3781850095917	1.61200089133043	0.478400000000000
5.30000000000000	68.6781744333294	1.61451994779684	0.478400000000000
5.35000000000000	68.9781638570672	1.61703900426326	0.478400000000000
5.40000000000000	69.2781532808049	1.61955806072968	0.478400000000000
5.45000000000000	69.5781427045427	1.62207711719610	0.478400000000000
5.50000000000000	69.8781321282805	1.62459617366251	0.478400000000000
5.55000000000000	70.1781215520183	1.62711523012893	0.478400000000000
5.60000000000000	70.4781109757560	1.62963428659535	0.478400000000000
5.65000000000000	70.7781003994938	1.63215334306176	0.478400000000000
5.70000000000000	71.0780898232316	1.63467239952818	0.478400000000000
5.75000000000000	71.3780792469693	1.63719145599460	0.478400000000000
5.80000000000000	71.6780686707071	1.63971051246102	0.478400000000000
5.85000000000000	71.9780580944449	1.64222956892743	0.478400000000000
5.90000000000000	72.2780475181827	1.64474862539385	0.478400000000000
5.95000000000000	72.5780369419204	1.64726768186027	0.478400000000000
6	72.8780263656582	1.64978673832668	0.478400000000000
6.05000000000000	73.1780157893960	1.65230579479310	0.478400000000000
6.10000000000000	73.4780052131337	1.65482485125952	0.478400000000000
6.15000000000000	73.7779946368715	1.65734390772594	0.478400000000000
6.20000000000000	74.0779840606093	1.65986296419235	0.478400000000000
6.25000000000000	74.3779734843471	1.66238202065877	0.478400000000000
6.30000000000000	74.6779629080848	1.66490107712519	0.478400000000000
6.35000000000000	74.9779523318226	1.66742013359160	0.478400000000000
6.40000000000000	75.2779417555604	1.66993919005802	0.478400000000000
6.45000000000000	75.5779311792981	1.67245824652444	0.478400000000000
6.50000000000000	75.8779206030359	1.67497730299086	0.478400000000000
6.55000000000000	76.1779100267737	1.67749635945727	0.478400000000000
6.60000000000000	76.4778994505114	1.68001541592369	0.478400000000000
6.65000000000000	76.7778888742492	1.68253447239011	0.478400000000000
6.70000000000000	77.0778782979870	1.68505352885652	0.478400000000000
6.75000000000000	77.3778677217247	1.68757258532294	0.478400000000000
6.80000000000000	77.6778571454625	1.69009164178936	0.478400000000000
6.85000000000000	77.9778465692003	1.69261069825578	0.478400000000000
6.90000000000000	78.2778359929381	1.69512975472219	0.478400000000000
6.95000000000000	78.5778254166758	1.69764881118861	0.478400000000000
7	78.8778148404136	1.70016786765503	0.478400000000000
7.05000000000000	79.1778042641514	1.70268692412144	0.478400000000000
7.10000000000000	79.4777936878892	1.70520598058786	0.478400000000000
7.15000000000000	79.7777831116269	1.70772503705428	0.478400000000000
7.20000000000000	80.0777725353647	1.71024409352070	0.478400000000000
7.25000000000000	80.3777619591025	1.71276314998711	0.478400000000000
7.30000000000000	80.6777513828402	1.71528220645353	0.478400000000000
7.35000000000000	80.9777408065780	1.71780126291995	0.478400000000000
7.40000000000000	81.2777302303158	1.72032031938636	0.478400000000000
7.45000000000000	81.5777196540535	1.72283937585278	0.478400000000000
7.50000000000000	81.8777090777913	1.72535843231920	0.478400000000000
7.55000000000000	82.1776985015291	1.72787748878561	0.478400000000000
7.60000000000000	82.4776879252669	1.73039654525203	0.478400000000000
7.65000000000000	82.7776773490046	1.73291560171845	0.478400000000000
7.70000000000000	83.0776667727424	1.73543465818487	0.478400000000000
7.75000000000000	83.3776561964801	1.73795371465128	0.478400000000000
7.80000000000000	83.6776456202179	1.74047277111770	0.478400000000000
7.85000000000000	83.9776350439557	1.74299182758412	0.478400000000000
7.90000000000000	84.2776244676935	1.74551088405053	0.478400000000000
7.95000000000000	84.5776138914312	1.74802994051695	0.478400000000000
8	84.8776033151690	1.75054899698337	0.478400000000000
8.05000000000000	85.1775927389068	1.75306805344979	0.478400000000000
8.10000000000000	85.4775821626445	1.75558710991620	0.478400000000000
8.15000000000000	85.7775715863823	1.75810616638262	0.478400000000000
8.20000000000000	86.0775610101201	1.76062522284904	0.478400000000000
8.25000000000000	86.3775504338579	1.76314427931545	0.478400000000000
8.30000000000000	86.6775398575956	1.76566333578187	0.478400000000000
8.35000000000000	86.9775292813334	1.76818239224829	0.478400000000000
8.40000000000000	87.2775187050712	1.77070144871471	0.478400000000000
8.45000000000000	87.5775081288089	1.77322050518112	0.478400000000000
8.50000000000000	87.8774975525467	1.77573956164754	0.478400000000000
8.55000000000000	88.1774869762845	1.77825861811396	0.478400000000000
8.60000000000000	88.4774764000222	1.78077767458037	0.478400000000000
8.65000000000000	88.7774658237600	1.78329673104679	0.478400000000000
8.70000000000000	89.0774552474978	1.78581578751321	0.478400000000000
8.75000000000000	89.3774446712355	1.78833484397963	0.478400000000000
8.80000000000000	89.6774340949733	1.79085390044604	0.478400000000000
8.85000000000000	89.9774235187111	1.79337295691246	0.478400000000000
8.90000000000000	90.2774129424488	1.79589201337888	0.478400000000000
8.95000000000000	90.5774023661866	1.79841106984529	0.478400000000000
9	90.8773917899244	1.80093012631171	0.478400000000000
9.05000000000000	91.1773812136621	1.80344918277813	0.478400000000000
9.10000000000000	91.4773706373999	1.80596823924455	0.478400000000000
9.15000000000000	91.7773600611377	1.80848729571096	0.478400000000000
9.20000000000000	92.0773494848755	1.81100635217738	0.478400000000000
9.25000000000000	92.3773389086132	1.81352540864380	0.478400000000000
9.30000000000000	92.6773283323510	1.81604446511021	0.478400000000000
9.35000000000000	92.9773177560888	1.81856352157663	0.478400000000000
9.40000000000000	93.2773071798265	1.82108257804305	0.478400000000000
9.45000000000000	93.5772966035643	1.82360163450947	0.478400000000000
9.50000000000000	93.8772860273021	1.82612069097588	0.478400000000000
9.55000000000000	94.1772754510398	1.82863974744230	0.478400000000000
9.60000000000000	94.4772648747776	1.83115880390872	0.478400000000000
9.65000000000000	94.7772542985154	1.83367786037513	0.478400000000000
9.70000000000000	95.0772437222531	1.83619691684155	0.478400000000000
9.75000000000000	95.3772331459909	1.83871597330797	0.478400000000000
9.80000000000000	95.6772225697287	1.84123502977439	0.478400000000000
9.85000000000000	95.9772119934665	1.84375408624080	0.478400000000000
9.90000000000000	96.2772014172042	1.84627314270722	0.478400000000000
9.95000000000000	96.5771908409420	1.84879219917364	0.478400000000000
10	96.8771802646798	1.85131125564005	0.478400000000000
10.0500000000000	97.1771696884175	1.85383031210647	0.478400000000000
10.1000000000000	97.4771591121553	1.85634936857289	0.478400000000000
10.1500000000000	97.7771485358931	1.85886842503930	0.478400000000000
10.2000000000000	98.0771379596309	1.86138748150572	0.478400000000000
10.2500000000000	98.3771273833686	1.86390653797214	0.478400000000000
10.3000000000000	98.6771168071064	1.86642559443856	0.478400000000000
10.3500000000000	98.9771062308441	1.86894465090497	0.478400000000000
10.4000000000000	99.2770956545819	1.87146370737139	0.478400000000000
10.4500000000000	99.5770850783197	1.87398276383781	0.478400000000000
10.5000000000000	99.8770745020574	1.87650182030422	0.478400000000000
10.5500000000000	100.177063925795	1.87902087677064	0.478400000000000
10.6000000000000	100.477053349533	1.88153993323706	0.478400000000000
10.6500000000000	100.777042773271	1.88405898970348	0.478400000000000
10.7000000000000	101.077032197009	1.88657804616989	0.478400000000000
10.7500000000000	101.377021620746	1.88909710263631	0.478400000000000
10.8000000000000	101.677011044484	1.89161615910273	0.478400000000000
10.8500000000000	101.977000468222	1.89413521556914	0.478400000000000
10.9000000000000	102.276989891960	1.89665427203556	0.478400000000000
10.9500000000000	102.576979315697	1.89917332850198	0.478400000000000
11	102.876968739435	1.90169238496840	0.478400000000000
11.0500000000000	103.176958163173	1.90421144143481	0.478400000000000
11.1000000000000	103.476947586911	1.90673049790123	0.478400000000000
11.1500000000000	103.776937010648	1.90924955436765	0.478400000000000
11.2000000000000	104.076926434386	1.91176861083406	0.478400000000000
11.2500000000000	104.376915858124	1.91428766730048	0.478400000000000
11.3000000000000	104.676905281862	1.91680672376690	0.478400000000000
11.3500000000000	104.976894705600	1.91932578023332	0.478400000000000
11.4000000000000	105.276884129337	1.92184483669973	0.478400000000000
11.4500000000000	105.576873553075	1.92436389316615	0.478400000000000
11.5000000000000	105.876862976813	1.92688294963257	0.478400000000000
11.5500000000000	106.176852400551	1.92940200609898	0.478400000000000
11.6000000000000	106.476841824288	1.93192106256540	0.478400000000000
11.6500000000000	106.776831248026	1.93444011903182	0.478400000000000
11.7000000000000	107.076820671764	1.93695917549824	0.478400000000000
11.7500000000000	107.376810095502	1.93947823196465	0.478400000000000
11.8000000000000	107.676799519239	1.94199728843107	0.478400000000000
11.8500000000000	107.976788942977	1.94451634489749	0.478400000000000
11.9000000000000	108.276778366715	1.94703540136390	0.478400000000000
11.9500000000000	108.576767790453	1.94955445783032	0.478400000000000
12	108.876757214191	1.95207351429674	0.478400000000000
12.0500000000000	109.176746637928	1.95459257076316	0.478400000000000
12.1000000000000	109.476736061666	1.95711162722957	0.478400000000000
12.1500000000000	109.776725485404	1.95963068369599	0.478400000000000
12.2000000000000	110.076714909142	1.96214974016241	0.478400000000000
12.2500000000000	110.376704332879	1.96466879662882	0.478400000000000
12.3000000000000	110.676693756617	1.96718785309524	0.478400000000000
12.3500000000000	110.976683180355	1.96970690956166	0.478400000000000
12.4000000000000	111.276672604093	1.97222596602808	0.478400000000000
12.4500000000000	111.576662027830	1.97474502249449	0.478400000000000
12.5000000000000	111.876651451568	1.97726407896091	0.478400000000000
12.5500000000000	112.176573582644	1.97491559915737	0.478400000000000
12.6000000000000	112.476378719924	1.96410450945526	0.478400000000000
12.6500000000000	112.776183857204	1.95329341975314	0.478400000000000
12.7000000000000	113.075988994484	1.94248233005103	0.478400000000000
12.7500000000000	113.375794131764	1.93167124034891	0.478400000000000
12.8000000000000	113.675599269044	1.92086015064680	0.478400000000000
12.8500000000000	113.975404406324	1.91004906094469	0.478400000000000
12.9000000000000	114.275209543604	1.89923797124257	0.478400000000000
12.9500000000000	114.575014680884	1.88842688154046	0.478400000000000
13	114.874817144164	1.87754301012426	0.478400000000000
13.0500000000000	115.174607330036	1.86632496863728	0.478400000000000
13.1000000000000	115.474397515908	1.85510692715031	0.478400000000000
13.1500000000000	115.774187701780	1.84388888566333	0.478400000000000
13.2000000000000	116.073977887652	1.83267084417635	0.478400000000000
13.2500000000000	116.373768073524	1.82145280268937	0.478400000000000
13.3000000000000	116.673558259396	1.81023476120240	0.478400000000000
13.3500000000000	116.973348445268	1.79901671971542	0.478400000000000
13.4000000000000	117.273138631140	1.78779867822844	0.478400000000000
13.4500000000000	117.572928817012	1.77658063674146	0.478400000000000
13.5000000000000	117.872782633574	1.77473626366371	0.478400000000000
13.5500000000000	118.172691824617	1.78211712593656	0.478400000000000
13.6000000000000	118.472289453979	1.79582405655329	0.478400000000000
13.6500000000000	118.771472504595	1.81794875371649	0.478400000000000
13.7000000000000	119.070141904068	1.84527548910317	0.478400000000000
13.7500000000000	119.367874432428	1.88209045285293	0.478400000000000
13.8000000000000	119.665000786465	1.92298152534950	0.478400000000000
13.8500000000000	119.960561922748	1.97439761931719	0.478400000000000
13.9000000000000	120.255533494552	2.02877003482589	0.478400000000000
13.9500000000000	120.548207626308	2.09466277039496	0.478400000000000
14	120.840416978289	2.16240617055894	0.478400000000000
14.0500000000000	121.129495483082	2.24261600827669	0.478400000000000
14.1000000000000	121.418340689129	2.32359288613682	0.478400000000000
14.1500000000000	121.703123650252	2.41792562199123	0.478400000000000
14.2000000000000	121.987906611376	2.51225835784565	0.478400000000000
14.2500000000000	122.267807398621	2.62019882635027	0.478400000000000
14.3000000000000	122.547605299737	2.72842606197664	0.478400000000000
14.3500000000000	122.822281971057	2.84898263626961	0.478400000000000
14.4000000000000	123.096417365650	2.97084233194853	0.478400000000000
14.4500000000000	123.365305396657	3.10376487453636	0.478400000000000
14.5000000000000	123.633114548272	3.23896198364416	0.478400000000000
14.5500000000000	123.895661254423	3.38397531079728	0.478400000000000
14.6000000000000	124.156495743699	3.53218249417273	0.478400000000000
14.6500000000000	124.412161380344	3.68898692925549	0.478400000000000
14.7000000000000	124.665389674968	3.84984534775314	0.478400000000000
14.7500000000000	124.913648511898	4.01811732227950	0.478400000000000
14.8000000000000	125.158657495673	4.19123750559085	0.478400000000000
14.8500000000000	125.398998864155	4.37063020685205	0.478400000000000
14.9000000000000	125.635195321472	4.55559299649085	0.478400000000000
14.9500000000000	125.867124631768	4.74573706051575	0.478400000000000
15	126.093936683903	4.94209462468425	0.478400000000000
15.0500000000000	126.316976411333	5.14259887320993	0.478400000000000
15.1000000000000	126.533854901079	5.34987579108899	0.478400000000000
15.1500000000000	126.747545538775	5.56032801113817	0.478400000000000
15.2000000000000	126.953965360060	5.77802242397582	0.478400000000000
15.2500000000000	127.157866336573	5.99799018855911	0.478400000000000
15.3000000000000	127.353327705847	6.22557501477071	0.478400000000000
15.3500000000000	127.547018265875	6.45460654315621	0.478400000000000
15.4000000000000	127.731047932184	6.69153075449405	0.478400000000000
15.4500000000000	127.914127978721	6.92915581041330	0.478400000000000
15.5000000000000	128.086280369547	7.17484576611592	0.478400000000000
15.5500000000000	128.258371265864	7.42057659220533	0.478400000000000
15.6000000000000	128.418229565937	7.67443742789615	0.478400000000000
15.6500000000000	128.578087866011	7.92829826358695	0.478400000000000
15.7000000000000	128.726152056336	8.18918678257814	0.478400000000000
15.7500000000000	128.873329216835	8.45060385055069	0.478400000000000
15.8000000000000	129.009358016898	8.71794102711664	0.478400000000000
15.8500000000000	129.143497692569	8.98628138451937	0.478400000000000
15.9000000000000	129.267212800254	9.25951607744279	0.478400000000000
15.9500000000000	129.387990212192	9.53413001875978	0.478400000000000
16	129.499138348510	9.81269920260480	0.478400000000000
16.0500000000000	129.606261070516	10.0929218327224	0.478400000000000
16.1000000000000	129.704614480838	10.3762517224700	0.478400000000000
16.1500000000000	129.797823147441	10.6614045665207	0.478400000000000
16.2000000000000	129.883180052806	10.9489117630345	0.478400000000000
16.2500000000000	129.962248987236	11.2383044091195	0.478400000000000
16.3000000000000	130.034433984874	11.5293970632588	0.478400000000000
16.3500000000000	130.099171745474	11.8223288340732	0.478400000000000
16.4000000000000	130.158036157798	12.1164078272358	0.478400000000000
16.4500000000000	130.208286001540	12.4121694765480	0.478400000000000
16.5000000000000	130.253708172939	12.7086296153963	0.478400000000000
16.5500000000000	130.289348434931	13.0065050452745	0.478400000000000
16.6000000000000	130.321233975799	13.3047362683711	0.478400000000000
16.6500000000000	130.342178363859	13.6040042629993	0.478400000000000
16.7000000000000	130.360460341394	13.9033928570573	0.478400000000000
16.7500000000000	130.366658144983	14.2033288289424	0.478400000000000
16.8000000000000	130.373445721792	14.5032502696711	0.478400000000000
16.8500000000000	130.385212857072	14.8030194050524	0.478400000000000
16.9000000000000	130.396979992352	15.1027885404338	0.478400000000000
16.9500000000000	130.408747127633	15.4025576758152	0.478400000000000
17	130.420514262913	15.7023268111966	0.478400000000000
17.0500000000000	130.432281398193	16.0020959465780	0.478400000000000
17.1000000000000	130.444048533473	16.3018650819593	0.478400000000000
17.1500000000000	130.455815668753	16.6016342173407	0.478400000000000
17.2000000000000	130.467582804033	16.9014033527221	0.478400000000000
17.2500000000000	130.479349939313	17.2011724881035	0.478400000000000
17.3000000000000	130.491117074593	17.5009416234849	0.478400000000000
17.3500000000000	130.502884209874	17.8007107588662	0.478400000000000
17.4000000000000	130.514651345154	18.1004798942476	0.478400000000000
17.4500000000000	130.526418480434	18.4002490296290	0.478400000000000
17.5000000000000	130.538185615714	18.7000181650104	0.478400000000000
17.5500000000000	130.549952750994	18.9997873003917	0.478400000000000
17.6000000000000	130.561719886274	19.2995564357731	0.478400000000000
17.6500000000000	130.573487021554	19.5993255711545	0.478400000000000
17.7000000000000	130.585254156834	19.8990947065359	0.478400000000000
17.7500000000000	130.597166925604	20.1988580542171	0.478400000000000
17.8000000000000	130.609225907734	20.4986155911532	0.478400000000000
17.8500000000000	130.621284889864	20.7983731280893	0.478400000000000
17.9000000000000	130.633343871994	21.0981306650254	0.478400000000000
17.9500000000000	130.645402854123	21.3978882019615	0.478400000000000
18	130.657461836253	21.6976457388975	0.478400000000000
18.0500000000000	130.669520818383	21.9974032758336	0.478400000000000
18.1000000000000	130.681579800513	22.2971608127697	0.478400000000000
18.1500000000000	130.693638782643	22.5969183497058	0.478400000000000
18.2000000000000	130.705697764773	22.8966758866419	0.478400000000000
18.2500000000000	130.717756746903	23.1964334235780	0.478400000000000
18.3000000000000	130.729815729032	23.4961909605141	0.478400000000000
18.3500000000000	130.741874711162	23.7959484974502	0.478400000000000
18.4000000000000	130.753933693292	24.0957060343863	0.478400000000000
18.4500000000000	130.765992675422	24.3954635713224	0.478400000000000
18.5000000000000	130.778051657552	24.6952211082585	0.478400000000000
18.5500000000000	130.790110639682	24.9949786451945	0.478400000000000
18.6000000000000	130.802169621811	25.2947361821306	0.478400000000000
18.6500000000000	130.814228603941	25.5944937190668	0.478400000000000
18.7000000000000	130.819345405608	25.8943826324344	0.478400000000000
18.7500000000000	130.819321883563	26.1943826315123	0.478400000000000
18.8000000000000	130.819298361518	26.4943826305902	0.478400000000000
18.8500000000000	130.819274839472	26.7943826296680	0.478400000000000
18.9000000000000	130.819251317427	27.0943826287459	0.478400000000000
18.9500000000000	130.819227795381	27.3943826278237	0.478400000000000
19	130.819204273336	27.6943826269016	0.478400000000000
19.0500000000000	130.819180751291	27.9943826259794	0.478400000000000
19.1000000000000	130.819157229245	28.2943826250573	0.478400000000000
19.1500000000000	130.819133707200	28.5943826241352	0.478400000000000
19.2000000000000	130.819110185154	28.8943826232130	0.478400000000000
19.2500000000000	130.819086663109	29.1943826222909	0.478400000000000
19.3000000000000	130.819063141063	29.4943826213687	0.478400000000000
19.3500000000000	130.819039619018	29.7943826204466	0.478400000000000
19.4000000000000	130.819016096973	30.0943826195244	0.478400000000000
19.4500000000000	130.818992574927	30.3943826186023	0.478400000000000
19.5000000000000	130.818969052882	30.6943826176801	0.478400000000000
19.5500000000000	130.818945530836	30.9943826167580	0.478400000000000
19.6000000000000	130.818922008791	31.2943826158358	0.478400000000000
19.6500000000000	130.818898486746	31.5943826149137	0.478400000000000
19.7000000000000	130.818874964700	31.8943826139916	0.478400000000000
19.7500000000000	130.818851442655	32.1943826130694	0.478400000000000
19.8000000000000	130.818827920609	32.4943826121473	0.478400000000000
19.8500000000000	130.818804398564	32.7943826112251	0.478400000000000
19.9000000000000	130.818780876519	33.0943826103030	0.478400000000000
19.9500000000000	130.818757354473	33.3943826093808	0.478400000000000
20	130.818733832428	33.6943826084587	0.478400000000000
20.0500000000000	130.818710310382	33.9943826075365	0.478400000000000
20.1000000000000	130.818686788337	34.2943826066144	0.478400000000000
20.1500000000000	130.818663266292	34.5943826056923	0.478400000000000
20.2000000000000	130.818639744246	34.8943826047701	0.478400000000000
20.2500000000000	130.818616222201	35.1943826038480	0.478400000000000
20.3000000000000	130.818592700155	35.4943826029258	0.478400000000000
20.3500000000000	130.818569178110	35.7943826020037	0.478400000000000
20.4000000000000	130.818545656065	36.0943826010815	0.478400000000000
20.4500000000000	130.818522134019	36.3943826001594	0.478400000000000
20.5000000000000	130.818498611974	36.6943825992372	0.478400000000000
20.5500000000000	130.818475089928	36.9943825983151	0.478400000000000
20.6000000000000	130.818451567883	37.2943825973929	0.478400000000000
20.6500000000000	130.818428045838	37.5943825964708	0.478400000000000
20.7000000000000	130.818404523792	37.8943825955487	0.478400000000000
20.7500000000000	130.818381001747	38.1943825946265	0.478400000000000
20.8000000000000	130.818357479701	38.4943825937044	0.478400000000000
20.8500000000000	130.818333957656	38.7943825927822	0.478400000000000
20.9000000000000	130.818310435611	39.0943825918601	0.478400000000000
20.9500000000000	130.818286913565	39.3943825909380	0.478400000000000
21	130.818263391520	39.6943825900158	0.478400000000000
21.0500000000000	130.818239869474	39.9943825890937	0.478400000000000
21.1000000000000	130.818216347429	40.2943825881715	0.478400000000000
21.1500000000000	130.818192825384	40.5943825872494	0.478400000000000
21.2000000000000	130.818169303338	40.8943825863272	0.478400000000000
21.2500000000000	130.818145781293	41.1943825854051	0.478400000000000
21.3000000000000	130.818122259247	41.4943825844829	0.478400000000000
21.3500000000000	130.818098737202	41.7943825835608	0.478400000000000
21.4000000000000	130.818075215157	42.0943825826387	0.478400000000000
21.4500000000000	130.818051693111	42.3943825817165	0.478400000000000
21.5000000000000	130.818028171066	42.6943825807944	0.478400000000000
21.5500000000000	130.818004649020	42.9943825798722	0.478400000000000
21.6000000000000	130.817981126975	43.2943825789501	0.478400000000000
21.6500000000000	130.817957604930	43.5943825780279	0.478400000000000
21.7000000000000	130.817934082884	43.8943825771058	0.478400000000000
21.7500000000000	130.817910560839	44.1943825761836	0.478400000000000
21.8000000000000	130.817887038793	44.4943825752615	0.478400000000000
21.8500000000000	130.817863516748	44.7943825743393	0.478400000000000
21.9000000000000	130.817839994703	45.0943825734172	0.478400000000000
21.9500000000000	130.817816472657	45.3943825724951	0.478400000000000
22	130.817792950612	45.6943825715729	0.478400000000000
22.0500000000000	130.817769428566	45.9943825706508	0.478400000000000
22.1000000000000	130.817745906521	46.2943825697286	0.478400000000000
22.1500000000000	130.817722384476	46.5943825688065	0.478400000000000
22.2000000000000	130.817698862430	46.8943825678844	0.478400000000000
22.2500000000000	130.817675340385	47.1943825669622	0.478400000000000
22.3000000000000	130.817651818339	47.4943825660400	0.478400000000000
22.3500000000000	130.817628296294	47.7943825651179	0.478400000000000
22.4000000000000	130.817604774249	48.0943825641958	0.478400000000000
22.4500000000000	130.817581252203	48.3943825632736	0.478400000000000
22.5000000000000	130.817557730158	48.6943825623515	0.478400000000000
22.5500000000000	130.817534208112	48.9943825614293	0.478400000000000
22.6000000000000	130.817510686067	49.2943825605072	0.478400000000000
22.6500000000000	130.817487164022	49.5943825595851	0.478400000000000
22.7000000000000	130.817463641976	49.8943825586629	0.478400000000000
22.7500000000000	130.817440119931	50.1943825577407	0.478400000000000
22.8000000000000	130.817416597885	50.4943825568186	0.478400000000000
22.8500000000000	130.817393075840	50.7943825558965	0.478400000000000
22.9000000000000	130.817369553795	51.0943825549743	0.478400000000000
22.9500000000000	130.817346031749	51.3943825540522	0.478400000000000
23	130.817322509704	51.6943825531300	0.478400000000000
23.0500000000000	130.817298987658	51.9943825522079	0.478400000000000
23.1000000000000	130.817275465613	52.2943825512857	0.478400000000000
23.1500000000000	130.817251943568	52.5943825503636	0.478400000000000
23.2000000000000	130.817228421522	52.8943825494415	0.478400000000000
23.2500000000000	130.817204899477	53.1943825485193	0.478400000000000
23.3000000000000	130.817181377431	53.4943825475972	0.478400000000000
23.3500000000000	130.817157855386	53.7943825466750	0.478400000000000
23.4000000000000	130.817134333341	54.0943825457529	0.478400000000000
23.4500000000000	130.817110811295	54.3943825448307	0.478400000000000
23.5000000000000	130.817087289250	54.6943825439086	0.478400000000000
23.5500000000000	130.817063767204	54.9943825429864	0.478400000000000
23.6000000000000	130.817040245159	55.2943825420643	0.478400000000000
23.6500000000000	130.817016723114	55.5943825411422	0.478400000000000
23.7000000000000	130.816993201852	55.8943725402201	0.478400000000000
23.7500000000000	130.816969679807	56.1943725392979	0.478400000000000
23.8000000000000	130.816946157761	56.4943725383757	0.478400000000000
23.8500000000000	130.816922635716	56.7943725374536	0.478400000000000
23.9000000000000	130.816899113671	57.0943725365315	0.478400000000000
23.9500000000000	130.816875591625	57.3943725356093	0.478400000000000
24	130.816852069580	57.6943725346872	0.478400000000000
24.0500000000000	130.816828547534	57.9943725337650	0.478400000000000
24.1000000000000	130.816805025489	58.2943725328429	0.478400000000000
24.1500000000000	130.816781503444	58.5943725319208	0.478400000000000
24.2000000000000	130.816757981398	58.8943725309986	0.478400000000000
24.2500000000000	130.816734459353	59.1943725300764	0.478400000000000
24.3000000000000	130.816710937307	59.4943725291543	0.478400000000000
24.3500000000000	130.816687415262	59.7943725282321	0.478400000000000
24.4000000000000	130.816663893217	60.0943725273100	0.478400000000000
24.4500000000000	130.816640371171	60.3943725263879	0.478400000000000
24.5000000000000	130.816616849126	60.6943725254657	0.478400000000000
24.5500000000000	130.816593327080	60.9943725245436	0.478400000000000
24.6000000000000	130.816569805035	61.2943725236214	0.478400000000000
24.6500000000000	130.816546282990	61.5943725226993	0.478400000000000
24.7000000000000	130.816522760944	61.8943725217772	0.478400000000000
24.7500000000000	130.816499238899	62.1943725208550	0.478400000000000
24.8000000000000	130.816475716853	62.4943725199329	0.478400000000000
24.8500000000000	130.816452194808	62.7943725190107	0.478400000000000
24.9000000000000	130.816428672763	63.0943725180886	0.478400000000000
24.9500000000000	130.816405150717	63.3943725171664	0.478400000000000
25	130.816381628672	63.6943725162443	0.478400000000000
25.0500000000000	130.816358106626	63.9943725153221	0.478400000000000
25.1000000000000	130.816334584581	64.2943725144000	0.478400000000000
25.1500000000000	130.816311062535	64.5943725134779	0.478400000000000
25.2000000000000	130.816287540490	64.8943725125557	0.478400000000000
25.2500000000000	130.816264018445	65.1943725116336	0.478400000000000
25.3000000000000	130.816240496399	65.4943725107114	0.478400000000000
25.3500000000000	130.816216974354	65.7943725097893	0.478400000000000
25.4000000000000	130.816193452308	66.0943725088671	0.478400000000000
25.4500000000000	130.816169930263	66.3943725079450	0.478400000000000
25.5000000000000	130.816146408218	66.6943725070228	0.478400000000000
25.5500000000000	130.816122886172	66.9943725061007	0.478400000000000
25.6000000000000	130.816099364127	67.2943725051786	0.478400000000000
25.6500000000000	130.816075842082	67.5943725042564	0.478400000000000
25.7000000000000	130.816052320036	67.8943725033343	0.478400000000000
25.7500000000000	130.816028797991	68.1943725024121	0.478400000000000
25.8000000000000	130.816005275945	68.4943725014900	0.478400000000000
25.8500000000000	130.815981753900	68.7943725005678	0.478400000000000
25.9000000000000	130.815958231854	69.0943724996457	0.478400000000000
25.9500000000000	130.815934709809	69.3943724987236	0.478400000000000
26	130.815911187764	69.6943724978014	0.478400000000000
26.0500000000000	130.815887665718	69.9943724968792	0.478400000000000
26.1000000000000	130.815864143673	70.2943724959571	0.478400000000000
26.1500000000000	130.815840621627	70.5943724950350	0.478400000000000
26.2000000000000	130.815817099582	70.8943724941128	0.478400000000000
26.2500000000000	130.815793577537	71.1943724931906	0.478400000000000
26.3000000000000	130.815770055491	71.4943724922685	0.478400000000000
26.3500000000000	130.815746533446	71.7943724913464	0.478400000000000
26.4000000000000	130.815723011400	72.0943724904243	0.478400000000000
26.4500000000000	130.815699489355	72.3943724895021	0.478400000000000
26.5000000000000	130.815675967310	72.6943724885799	0.478400000000000
26.5500000000000	130.815652445264	72.9943724876578	0.478400000000000
26.6000000000000	130.815628923219	73.2943724867357	0.478400000000000
26.6500000000000	130.815605401173	73.5943724858135	0.478400000000000
26.7000000000000	130.815581879128	73.8943724848914	0.478400000000000
26.7500000000000	130.815558357083	74.1943724839692	0.478400000000000
26.8000000000000	130.815534835037	74.4943724830470	0.478400000000000
26.8500000000000	130.815511312992	74.7943724821249	0.478400000000000
26.9000000000000	130.815487790946	75.0943724812028	0.478400000000000
26.9500000000000	130.815464268901	75.3943724802807	0.478400000000000
27	130.815440746856	75.6943724793585	0.478400000000000
27.0500000000000	130.815417224810	75.9943724784363	0.478400000000000
27.1000000000000	130.815393702765	76.2943724775142	0.478400000000000
27.1500000000000	130.815370180719	76.5943724765921	0.478400000000000
27.2000000000000	130.815346658674	76.8943724756699	0.478400000000000
27.2500000000000	130.815323136629	77.1943724747478	0.478400000000000
27.3000000000000	130.815299614583	77.4943724738256	0.478400000000000
27.3500000000000	130.815276092538	77.7943724729035	0.478400000000000
27.4000000000000	130.815252570492	78.0943724719813	0.478400000000000
27.4500000000000	130.815229048447	78.3943724710592	0.478400000000000
27.5000000000000	130.815205526402	78.6943724701370	0.478400000000000
27.5500000000000	130.815182004356	78.9943724692149	0.478400000000000
27.6000000000000	130.815158482311	79.2943724682928	0.478400000000000
27.6500000000000	130.815134960265	79.5943724673706	0.478400000000000
27.7000000000000	130.815111438220	79.8943724664485	0.478400000000000
27.7500000000000	130.815087916175	80.1943724655263	0.478400000000000
27.8000000000000	130.815064394129	80.4943724646042	0.478400000000000
27.8500000000000	130.815040872084	80.7943724636820	0.478400000000000
27.9000000000000	130.815017350038	81.0943724627599	0.478400000000000
27.9500000000000	130.814993827993	81.3943724618378	0.478400000000000
28	130.814970305948	81.6943724609156	0.478400000000000
28.0500000000000	130.814946783902	81.9943724599935	0.478400000000000
28.1000000000000	130.814923261857	82.2943724590713	0.478400000000000
28.1500000000000	130.814899739811	82.5943724581492	0.478400000000000
28.2000000000000	130.814876217766	82.8943724572270	0.478400000000000
28.2500000000000	130.814852695721	83.1943724563049	0.478400000000000
28.3000000000000	130.814829173675	83.4943724553827	0.478400000000000
28.3500000000000	130.814805651630	83.7943724544606	0.478400000000000
28.4000000000000	130.814782129584	84.0943724535385	0.478400000000000
28.4500000000000	130.814758607539	84.3943724526163	0.478400000000000
28.5000000000000	130.814735085494	84.6943724516941	0.478400000000000
28.5500000000000	130.814711563448	84.9943724507720	0.478400000000000
28.6000000000000	130.814688041403	85.2943724498499	0.478400000000000
28.6500000000000	130.814664519357	85.5943724489277	0.478400000000000
28.7000000000000	130.814640997312	85.8943724480056	0.478400000000000
28.7500000000000	130.814617475267	86.1943724470834	0.478400000000000
28.8000000000000	130.814593953221	86.4943724461613	0.478400000000000
28.8500000000000	130.814570431176	86.7943724452391	0.478400000000000
28.9000000000000	130.814546909130	87.0943724443170	0.478400000000000
28.9500000000000	130.814523387085	87.3943724433949	0.478400000000000
29	130.814499865040	87.6943724424727	0.478400000000000
29.0500000000000	130.814476342994	87.9943724415506	0.478400000000000
29.1000000000000	130.814452820949	88.2943724406284	0.478400000000000
29.1500000000000	130.814429298903	88.5943724397063	0.478400000000000
29.2000000000000	130.814405776858	88.8943724387841	0.478400000000000
29.2500000000000	130.814382254813	89.1943724378620	0.478400000000000
29.3000000000000	130.814358732767	89.4943724369398	0.478400000000000
29.3500000000000	130.814335210722	89.7943724360177	0.478400000000000
29.4000000000000	130.814311688676	90.0943724350956	0.478400000000000
29.4500000000000	130.814288166631	90.3943724341734	0.478400000000000
29.5000000000000	130.814264644586	90.6943724332513	0.478400000000000
29.5500000000000	130.814241122540	90.9943724323291	0.478400000000000
29.6000000000000	130.814217600495	91.2943724314070	0.478400000000000
29.6500000000000	130.814194078449	91.5943724304848	0.478400000000000
29.7000000000000	130.814325315243	91.8943723721696	0.478400000000000
29.7500000000000	130.814571350368	92.1943722712807	0.478400000000000
29.8000000000000	130.814817385493	92.4943721703919	0.478400000000000
29.8500000000000	130.815063420618	92.7943720695031	0.478400000000000
29.9000000000000	130.815309455743	93.0943719686143	0.478400000000000
29.9500000000000	130.815314377115	93.3943718288698	0.478400000000000
30	130.814971651575	93.6943716331017	0.478400000000000
30.0500000000000	130.814628926035	93.9943714373337	0.478400000000000
30.1000000000000	130.814286200496	94.2943712415656	0.478400000000000
30.1500000000000	130.813943474956	94.5943710457976	0.478400000000000
30.2000000000000	130.811133397275	94.8943350046224	0.478400000000000
30.2500000000000	130.802152863371	95.1942005578471	0.478400000000000
30.3000000000000	130.793172329467	95.4940661110719	0.478400000000000
30.3500000000000	130.774267789893	95.7933912764146	0.478400000000000
30.4000000000000	130.750634853135	96.0924589682508	0.478400000000000
30.4500000000000	130.726001153452	96.3914228943349	0.478400000000000
30.5000000000000	130.687772356820	96.6889771904022	0.478400000000000
30.5500000000000	130.649543560189	96.9865314864695	0.478400000000000
30.6000000000000	130.604645145621	97.2830625091037	0.478400000000000
30.6500000000000	130.551911953420	97.5783914958970	0.478400000000000
30.7000000000000	130.499178761219	97.8737204826902	0.478400000000000
30.7500000000000	130.434208205855	98.1665541198348	0.478400000000000
30.8000000000000	130.367096784880	98.4589512080123	0.478400000000000
30.8500000000000	130.296539385693	98.7504681248759	0.478400000000000
30.9000000000000	130.215210303368	99.0392337398097	0.478400000000000
30.9500000000000	130.133881221042	99.3279993547434	0.478400000000000
31	130.043666521202	99.6140261391737	0.478400000000000
31.0500000000000	129.948314361415	99.8984693947167	0.478400000000000
31.1000000000000	129.852618543645	100.182788018504	0.478400000000000
31.1500000000000	129.743471441198	100.462228369970	0.478400000000000
31.2000000000000	129.634324338751	100.741668721436	0.478400000000000
31.2500000000000	129.519544720829	101.018748709436	0.478400000000000
31.3000000000000	129.396863815613	101.292517581837	0.478400000000000
31.3500000000000	129.274182910396	101.566286454237	0.478400000000000
31.4000000000000	129.140811129806	101.834947002122	0.478400000000000
31.4500000000000	129.004889942010	102.102389389764	0.478400000000000
31.5000000000000	128.866402267335	102.368447422827	0.478400000000000
31.5500000000000	128.717565995185	102.628923456451	0.478400000000000
31.6000000000000	128.568729723034	102.889399490074	0.478400000000000
31.6500000000000	128.412483780822	103.145397765325	0.478400000000000
31.7000000000000	128.251088522527	103.398284243018	0.478400000000000
31.7500000000000	128.089693264232	103.651170720711	0.478400000000000
31.8000000000000	127.916353298232	103.896016174637	0.478400000000000
31.8500000000000	127.742785200004	104.140708052879	0.478400000000000
31.9000000000000	127.564837074108	104.382129118680	0.478400000000000
31.9500000000000	127.379511406286	104.618040959939	0.478400000000000
32	127.194185738464	104.853952801198	0.478400000000000
32.0500000000000	127.000218334303	105.082727359150	0.478400000000000
32.1000000000000	126.803578497796	105.309294732571	0.478400000000000
32.1500000000000	126.605257160100	105.534329028313	0.478400000000000
32.2000000000000	126.397773625533	105.751009860146	0.478400000000000
32.2500000000000	126.190290090967	105.967690691979	0.478400000000000
32.3000000000000	125.977153457402	106.178686913243	0.478400000000000
32.3500000000000	125.759322639487	106.384962783783	0.478400000000000
32.4000000000000	125.541491821573	106.591238654322	0.478400000000000
32.4500000000000	125.314447982372	106.787296038991	0.478400000000000
32.5000000000000	125.086791052215	106.982673422920	0.478400000000000
32.5500000000000	124.856081687922	107.174312830368	0.478400000000000
32.6000000000000	124.619143326090	107.358324277546	0.478400000000000
32.6500000000000	124.382204964258	107.542335724723	0.478400000000000
32.7000000000000	124.138990868627	107.717845003626	0.478400000000000
32.7500000000000	123.893337961978	107.890050257478	0.478400000000000
32.8000000000000	123.646779613778	108.060894230410	0.478400000000000
32.8500000000000	123.392999899151	108.220881281274	0.478400000000000
32.9000000000000	123.139220184525	108.380868332137	0.478400000000000
32.9500000000000	122.881660476745	108.534521077332	0.478400000000000
33	122.620361134775	108.681907148201	0.478400000000000
33.0500000000000	122.359061792805	108.829293219070	0.478400000000000
33.1000000000000	122.091599131676	108.965099372979	0.478400000000000
33.1500000000000	121.823405334081	109.099531835323	0.478400000000000
33.2000000000000	121.553428101197	109.230177900616	0.478400000000000
33.2500000000000	121.278981515025	109.351335118058	0.478400000000000
33.3000000000000	121.004534928852	109.472492335500	0.478400000000000
33.3500000000000	120.726302585397	109.584472860846	0.478400000000000
33.4000000000000	120.446259837803	109.692064958697	0.478400000000000
33.4500000000000	120.165883288695	109.798720424698	0.478400000000000
33.5000000000000	119.880914395930	109.892489983492	0.478400000000000
33.5500000000000	119.595945503165	109.986259542287	0.478400000000000
33.6000000000000	119.309028327113	110.073581149818	0.478400000000000
33.6500000000000	119.019815091478	110.153303821207	0.478400000000000
33.7000000000000	118.730601855843	110.233026492595	0.478400000000000
33.7500000000000	118.438368026537	110.300642908796	0.478400000000000
33.8000000000000	118.145602405133	110.366127952309	0.478400000000000
33.8500000000000	117.852147844793	110.428135772111	0.478400000000000
33.9000000000000	117.556530293982	110.479226511512	0.478400000000000
33.9500000000000	117.260912743171	110.530317250913	0.478400000000000
34	116.963937974783	110.572221359365	0.478400000000000
34.0500000000000	116.666175774311	110.608795557510	0.478400000000000
34.1000000000000	116.368379045092	110.645017677873	0.478400000000000
34.1500000000000	116.069184605885	110.666987829168	0.478400000000000
34.2000000000000	115.769990166679	110.688957980464	0.478400000000000
34.2500000000000	115.470498150472	110.704840103037	0.478400000000000
34.3000000000000	115.170587310160	110.712153642799	0.478400000000000
34.3500000000000	114.870676469849	110.719467182560	0.478400000000000
34.4000000000000	114.570693858543	110.720865746770	0.478400000000000
34.4500000000000	114.270693859465	110.720842224725	0.478400000000000
34.5000000000000	113.970693860387	110.720818702680	0.478400000000000
34.5500000000000	113.670693861309	110.720795180634	0.478400000000000
34.6000000000000	113.370693862232	110.720771658589	0.478400000000000
34.6500000000000	113.070693863154	110.720748136543	0.478400000000000
34.7000000000000	112.770693864076	110.720724614498	0.478400000000000
34.7500000000000	112.470693864998	110.720701092453	0.478400000000000
34.8000000000000	112.170693865920	110.720677570407	0.478400000000000
34.8500000000000	111.870693866842	110.720654048362	0.478400000000000
34.9000000000000	111.570693867764	110.720630526316	0.478400000000000
34.9500000000000	111.270693868687	110.720607004271	0.478400000000000
35	110.970693869609	110.720583482226	0.478400000000000
35.0500000000000	110.670693870531	110.720559960180	0.478400000000000
35.1000000000000	110.370693871453	110.720536438135	0.478400000000000
35.1500000000000	110.070693872375	110.720512916089	0.478400000000000
35.2000000000000	109.770693873297	110.720489394044	0.478400000000000
35.2500000000000	109.470693874219	110.720465871999	0.478400000000000
35.3000000000000	109.170693875142	110.720442349953	0.478400000000000
35.3500000000000	108.870693876064	110.720418827908	0.478400000000000
35.4000000000000	108.570693876986	110.720395305862	0.478400000000000
35.4500000000000	108.270693877908	110.720371783817	0.478400000000000
35.5000000000000	107.970693878830	110.720348261772	0.478400000000000
35.5500000000000	107.670693879752	110.720324739726	0.478400000000000
35.6000000000000	107.370693880674	110.720301217681	0.478400000000000
35.6500000000000	107.070693881597	110.720277695635	0.478400000000000
35.7000000000000	106.770693882519	110.720254173590	0.478400000000000
35.7500000000000	106.470693883441	110.720230651545	0.478400000000000
35.8000000000000	106.170693884363	110.720207129499	0.478400000000000
35.8500000000000	105.870693885285	110.720183607454	0.478400000000000
35.9000000000000	105.570693886207	110.720160085408	0.478400000000000
35.9500000000000	105.270693887129	110.720136563363	0.478400000000000
36	104.970693888052	110.720113041318	0.478400000000000
36.0500000000000	104.670693888974	110.720089519272	0.478400000000000
36.1000000000000	104.370693889896	110.720065997227	0.478400000000000
36.1500000000000	104.070693890818	110.720042475181	0.478400000000000
36.2000000000000	103.770693891740	110.720018953136	0.478400000000000
36.2500000000000	103.470693892662	110.719995431091	0.478400000000000
36.3000000000000	103.170693893584	110.719971909045	0.478400000000000
36.3500000000000	102.870693894507	110.719948387000	0.478400000000000
36.4000000000000	102.570693895429	110.719924864954	0.478400000000000
36.4500000000000	102.270693896351	110.719901342909	0.478400000000000
36.5000000000000	101.970693897273	110.719877820864	0.478400000000000
36.5500000000000	101.670693898195	110.719854298818	0.478400000000000
36.6000000000000	101.370693899117	110.719830776773	0.478400000000000
36.6500000000000	101.070693900039	110.719807254727	0.478400000000000
36.7000000000000	100.770693900962	110.719783732682	0.478400000000000
36.7500000000000	100.470693901884	110.719760210637	0.478400000000000
36.8000000000000	100.170693902806	110.719736688591	0.478400000000000
36.8500000000000	99.8706939037281	110.719713166546	0.478400000000000
36.9000000000000	99.5706939046502	110.719689644500	0.478400000000000
36.9500000000000	99.2706939055724	110.719666122455	0.478400000000000
37	98.9706939064945	110.719642600410	0.478400000000000
37.0500000000000	98.6706939074166	110.719619078364	0.478400000000000
37.1000000000000	98.3706939083388	110.719595556319	0.478400000000000
37.1500000000000	98.0706939092609	110.719572034273	0.478400000000000
37.2000000000000	97.7706939101830	110.719548512228	0.478400000000000
37.2500000000000	97.4706939111052	110.719524990183	0.478400000000000
37.3000000000000	97.1706939120273	110.719501468137	0.478400000000000
37.3500000000000	96.8706939129495	110.719477946092	0.478400000000000
37.4000000000000	96.5706939138717	110.719454424046	0.478400000000000
37.4500000000000	96.2706939147938	110.719430902001	0.478400000000000
37.5000000000000	95.9706939157159	110.719407379956	0.478400000000000
37.5500000000000	95.6706939166380	110.719383857910	0.478400000000000
37.6000000000000	95.3706939175602	110.719360335865	0.478400000000000
37.6500000000000	95.0706939184823	110.719336813819	0.478400000000000
37.7000000000000	94.7706939194045	110.719313291774	0.478400000000000
37.7500000000000	94.4706939203267	110.719289769728	0.478400000000000
37.8000000000000	94.1706939212487	110.719266247683	0.478400000000000
37.8500000000000	93.8706939221709	110.719242725638	0.478400000000000
37.9000000000000	93.5706939230931	110.719219203592	0.478400000000000
37.9500000000000	93.2706939240152	110.719195681547	0.478400000000000
38	92.9706939249374	110.719172159501	0.478400000000000
38.0500000000000	92.6706939258595	110.719148637456	0.478400000000000
38.1000000000000	92.3706939267817	110.719125115411	0.478400000000000
38.1500000000000	92.0706939277038	110.719101593365	0.478400000000000
38.2000000000000	91.7706939286259	110.719078071320	0.478400000000000
38.2500000000000	91.4706939295481	110.719054549274	0.478400000000000
38.3000000000000	91.1706939304702	110.719031027229	0.478400000000000
38.3500000000000	90.8706939313924	110.719007505184	0.478400000000000
38.4000000000000	90.5706939323145	110.718983983138	0.478400000000000
38.4500000000000	90.2706939332367	110.718960461093	0.478400000000000
38.5000000000000	89.9706939341588	110.718936939047	0.478400000000000
38.5500000000000	89.6706939350809	110.718913417002	0.478400000000000
38.6000000000000	89.3706939360031	110.718889894957	0.478400000000000
38.6500000000000	89.0706939369252	110.718866372911	0.478400000000000
38.7000000000000	88.7706939378474	110.718842850866	0.478400000000000
38.7500000000000	88.4706939387695	110.718819328820	0.478400000000000
38.8000000000000	88.1706939396916	110.718795806775	0.478400000000000
38.8500000000000	87.8706939406138	110.718772284730	0.478400000000000
38.9000000000000	87.5706939415359	110.718748762684	0.478400000000000
38.9500000000000	87.2706939424581	110.718725240639	0.478400000000000
39	86.9706939433803	110.718701718593	0.478400000000000
39.0500000000000	86.6706939443024	110.718678196548	0.478400000000000
39.1000000000000	86.3706939452245	110.718654674503	0.478400000000000
39.1500000000000	86.0706939461466	110.718631152457	0.478400000000000
39.2000000000000	85.7706939470688	110.718607630412	0.478400000000000
39.2500000000000	85.4706939479910	110.718584108366	0.478400000000000
39.3000000000000	85.1706939489131	110.718560586321	0.478400000000000
39.3500000000000	84.8706939498352	110.718537064276	0.478400000000000
39.4000000000000	84.5706939507574	110.718513542230	0.478400000000000
39.4500000000000	84.2706939516795	110.718490020185	0.478400000000000
39.5000000000000	83.9706939526017	110.718466498139	0.478400000000000
39.5500000000000	83.6706939535238	110.718442976094	0.478400000000000
39.6000000000000	83.3706939544460	110.718419454049	0.478400000000000
39.6500000000000	83.0706939553681	110.718395932003	0.478400000000000
39.7000000000000	82.7706939562903	110.718372409958	0.478400000000000
39.7500000000000	82.4706939572124	110.718348887912	0.478400000000000
39.8000000000000	82.1706939581345	110.718325365867	0.478400000000000
39.8500000000000	81.8706939590567	110.718301843822	0.478400000000000
39.9000000000000	81.5706939599788	110.718278321776	0.478400000000000
39.9500000000000	81.2706939609010	110.718254799731	0.478400000000000
40	80.9706939618231	110.718231277685	0.478400000000000
40.0500000000000	80.6706939627452	110.718207755640	0.478400000000000
40.1000000000000	80.3706939636674	110.718184233595	0.478400000000000
40.1500000000000	80.0706939645895	110.718160711549	0.478400000000000
40.2000000000000	79.7706939655117	110.718137189504	0.478400000000000
40.2500000000000	79.4706939664339	110.718113667458	0.478400000000000
40.3000000000000	79.1706939673559	110.718090145413	0.478400000000000
40.3500000000000	78.8706939682781	110.718066623368	0.478400000000000
40.4000000000000	78.5706939692003	110.718043101322	0.478400000000000
40.4500000000000	78.2706939701224	110.718019579277	0.478400000000000
40.5000000000000	77.9706939710446	110.717996057231	0.478400000000000
40.5500000000000	77.6706939719667	110.717972535186	0.478400000000000
40.6000000000000	77.3706939728889	110.717949013141	0.478400000000000
40.6500000000000	77.0706939738110	110.717925491095	0.478400000000000
40.7000000000000	76.7706939747332	110.717901969050	0.478400000000000
40.7500000000000	76.4706939756553	110.717878447004	0.478400000000000
40.8000000000000	76.1706939765774	110.717854924959	0.478400000000000
40.8500000000000	75.8706939774996	110.717831402914	0.478400000000000
40.9000000000000	75.5706939784217	110.717807880868	0.478400000000000
40.9500000000000	75.2706939793439	110.717784358823	0.478400000000000
41	74.9706939802660	110.717760836777	0.478400000000000
41.0500000000000	74.6706939811881	110.717737314732	0.478400000000000
41.1000000000000	74.3706939821103	110.717713792687	0.478400000000000
41.1500000000000	74.0706939830324	110.717690270641	0.478400000000000
41.2000000000000	73.7706939839546	110.717666748596	0.478400000000000
41.2500000000000	73.4706939848768	110.717643226550	0.478400000000000
41.3000000000000	73.1706939857989	110.717619704505	0.478400000000000
41.3500000000000	72.8706939867211	110.717596182460	0.478400000000000
41.4000000000000	72.5706939876432	110.717572660414	0.478400000000000
41.4500000000000	72.2706939885653	110.717549138369	0.478400000000000
41.5000000000000	71.9706939894875	110.717525616323	0.478400000000000
41.5500000000000	71.6706939904096	110.717502094278	0.478400000000000
41.6000000000000	71.3706939913318	110.717478572233	0.478400000000000
41.6500000000000	71.0706939922539	110.717455050187	0.478400000000000
41.7000000000000	70.7706939931761	110.717431528142	0.478400000000000
41.7500000000000	70.4706939940982	110.717408006096	0.478400000000000
41.8000000000000	70.1706939950203	110.717384484051	0.478400000000000
41.8500000000000	69.8706939959425	110.717360962006	0.478400000000000
41.9000000000000	69.5706939968646	110.717337439960	0.478400000000000
41.9500000000000	69.2706939977868	110.717313917915	0.478400000000000
42	68.9706939987089	110.717290395869	0.478400000000000
42.0500000000000	68.6706939996310	110.717266873824	0.478400000000000
42.1000000000000	68.3706940005532	110.717243351779	0.478400000000000
42.1500000000000	68.0706940014753	110.717219829733	0.478400000000000
42.2000000000000	67.7706940023975	110.717196307688	0.478400000000000
42.2500000000000	67.4706940033197	110.717172785642	0.478400000000000
42.3000000000000	67.1706940042417	110.717149263597	0.478400000000000
42.3500000000000	66.8706940051640	110.717125741551	0.478400000000000
42.4000000000000	66.5706940060860	110.717102219506	0.478400000000000
42.4500000000000	66.2706940070082	110.717078697461	0.478400000000000
42.5000000000000	65.9706940079304	110.717055175415	0.478400000000000
42.5500000000000	65.6706940088525	110.717031653370	0.478400000000000
42.6000000000000	65.3706940097747	110.717008131324	0.478400000000000
42.6500000000000	65.0706940106968	110.716984609279	0.478400000000000
42.7000000000000	64.7706940116190	110.716961087234	0.478400000000000
42.7500000000000	64.4706940125411	110.716937565188	0.478400000000000
42.8000000000000	64.1706940134632	110.716914043143	0.478400000000000
42.8500000000000	63.8706940143854	110.716890521097	0.478400000000000
42.9000000000000	63.5706940153075	110.716866999052	0.478400000000000
42.9500000000000	63.2706940162297	110.716843477007	0.478400000000000
43	62.9706940171518	110.716819954961	0.478400000000000
43.0500000000000	62.6706940180739	110.716796432916	0.478400000000000
43.1000000000000	62.3706940189961	110.716772910870	0.478400000000000
43.1500000000000	62.0706940199182	110.716749388825	0.478400000000000
43.2000000000000	61.7706940208404	110.716725866780	0.478400000000000
43.2500000000000	61.4706940217626	110.716702344734	0.478400000000000
43.3000000000000	61.1706940226847	110.716678822689	0.478400000000000
43.3500000000000	60.8706940236068	110.716655300643	0.478400000000000
43.4000000000000	60.5706940245289	110.716631778598	0.478400000000000
43.4500000000000	60.2706940254511	110.716608256553	0.478400000000000
43.5000000000000	59.9706940263733	110.716584734507	0.478400000000000
43.5500000000000	59.6706940272954	110.716561212462	0.478400000000000
43.6000000000000	59.3706940282176	110.716537690416	0.478400000000000
43.6500000000000	59.0706940291397	110.716514168371	0.478400000000000
43.7000000000000	58.7706940300619	110.716490646326	0.478400000000000
43.7500000000000	58.4706940309840	110.716467124280	0.478400000000000
43.8000000000000	58.1706940319061	110.716443602235	0.478400000000000
43.8500000000000	57.8706940328283	110.716420080189	0.478400000000000
43.9000000000000	57.5706940337504	110.716396558144	0.478400000000000
43.9500000000000	57.2706940346726	110.716373036099	0.478400000000000
44	56.9706940355947	110.716349514053	0.478400000000000
44.0500000000000	56.6706940365168	110.716325992008	0.478400000000000
44.1000000000000	56.3706940374390	110.716302469962	0.478400000000000
44.1500000000000	56.0706940383611	110.716278947917	0.478400000000000
44.2000000000000	55.7706940392833	110.716255425872	0.478400000000000
44.2500000000000	55.4706940402054	110.716231903826	0.478400000000000
44.3000000000000	55.1706940411275	110.716208381781	0.478400000000000
44.3500000000000	54.8706940420497	110.716184859735	0.478400000000000
44.4000000000000	54.5706940429718	110.716161337690	0.478400000000000
44.4500000000000	54.2706940438940	110.716137815645	0.478400000000000
44.5000000000000	53.9706940448162	110.716114293599	0.478400000000000
44.5500000000000	53.6706940457383	110.716090771554	0.478400000000000
44.6000000000000	53.3706940466605	110.716067249508	0.478400000000000
44.6500000000000	53.0706940475826	110.716043727463	0.478400000000000
44.7000000000000	52.7706940485047	110.716020205418	0.478400000000000
44.7500000000000	52.4706940494269	110.715996683372	0.478400000000000
44.8000000000000	52.1706940503490	110.715973161327	0.478400000000000
44.8500000000000	51.8706940512712	110.715949639281	0.478400000000000
44.9000000000000	51.5706940521933	110.715926117236	0.478400000000000
44.9500000000000	51.2706940531155	110.715902595191	0.478400000000000
45	50.9706940540376	110.715879073145	0.478400000000000
45.0500000000000	50.6706940549597	110.715855551100	0.478400000000000
45.1000000000000	50.3706940558819	110.715832029054	0.478400000000000
45.1500000000000	50.0706940568040	110.715808507009	0.478400000000000
45.2000000000000	49.7706940577262	110.715784984964	0.478400000000000
45.2500000000000	49.4706940586483	110.715761462918	0.478400000000000
45.3000000000000	49.1706940595704	110.715737940873	0.478400000000000
45.3500000000000	48.8706940604926	110.715714418827	0.478400000000000
45.4000000000000	48.5706940614147	110.715690896782	0.478400000000000
45.4500000000000	48.2706940623369	110.715667374737	0.478400000000000
45.5000000000000	47.9706940632591	110.715643852691	0.478400000000000
45.5500000000000	47.6706940641812	110.715620330646	0.478400000000000
45.6000000000000	47.3706940651033	110.715596808600	0.478400000000000
45.6500000000000	47.0706940660254	110.715573286555	0.478400000000000
45.7000000000000	46.7706940669476	110.715549764510	0.478400000000000
45.7500000000000	46.4706940678698	110.715526242464	0.478400000000000
45.8000000000000	46.1706940687919	110.715502720419	0.478400000000000
45.8500000000000	45.8706940697141	110.715479198373	0.478400000000000
45.9000000000000	45.5706940706362	110.715455676328	0.478400000000000
45.9500000000000	45.2706940715584	110.715432154283	0.478400000000000
46	44.9706940724805	110.715408632237	0.478400000000000
46.0500000000000	44.6706940734026	110.715385110192	0.478400000000000
46.1000000000000	44.3706940743248	110.715361588146	0.478400000000000
46.1500000000000	44.0706940752469	110.715338066101	0.478400000000000
46.2000000000000	43.7706940761691	110.715314544056	0.478400000000000
46.2500000000000	43.4706940770912	110.715291022010	0.478400000000000
46.3000000000000	43.1706940780133	110.715267499965	0.478400000000000
46.3500000000000	42.8706940789355	110.715243977919	0.478400000000000
46.4000000000000	42.5706940798576	110.715220455874	0.478400000000000
46.4500000000000	42.2706940807798	110.715196933828	0.478400000000000
46.5000000000000	41.9706940817019	110.715173411783	0.478400000000000
46.5500000000000	41.6706940826240	110.715149889738	0.478400000000000
46.6000000000000	41.3706940835462	110.715126367692	0.478400000000000
46.6500000000000	41.0706940844683	110.715102845647	0.478400000000000
46.7000000000000	40.7707068103204	110.714048987320	0.478400000000000
46.7500000000000	40.4707977338487	110.706663471096	0.478400000000000
46.8000000000000	40.1708886573770	110.699277954872	0.478400000000000
46.8500000000000	39.8709795809054	110.691892438648	0.478400000000000
46.9000000000000	39.5716985461020	110.671742623833	0.478400000000000
46.9500000000000	39.2725130592439	110.649650895665	0.478400000000000
47	38.9733275723857	110.627559167497	0.478400000000000
47.0500000000000	38.6750028085287	110.596734952743	0.478400000000000
47.1000000000000	38.3772616034187	110.559990228229	0.478400000000000
47.1500000000000	38.0795203983087	110.523245503714	0.478400000000000
47.2000000000000	37.7824794131428	110.481782589741	0.478400000000000
47.2500000000000	37.4868997028613	110.430473381310	0.478400000000000
47.3000000000000	37.1913199925797	110.379164172878	0.478400000000000
47.3500000000000	36.8958895639559	110.327104743886	0.478400000000000
47.4000000000000	36.6031833548724	110.261354647581	0.478400000000000
47.4500000000000	36.3104771457890	110.195604551277	0.478400000000000
47.5000000000000	36.0177709367055	110.129854454973	0.478400000000000
47.5500000000000	35.7278558476009	110.052964710067	0.478400000000000
47.6000000000000	35.4387282242597	109.972932107829	0.478400000000000
47.6500000000000	35.1496006009184	109.892899505590	0.478400000000000
47.7000000000000	34.8626444892176	109.805710030327	0.478400000000000
47.7500000000000	34.5777919158964	109.711587708468	0.478400000000000
47.8000000000000	34.2929393425750	109.617465386608	0.478400000000000
47.8500000000000	34.0092573653995	109.520072099446	0.478400000000000
47.9000000000000	33.7293660084334	109.412086784260	0.478400000000000
47.9500000000000	33.4494746514674	109.304101469075	0.478400000000000
48	33.1695832945014	109.196116153889	0.478400000000000
48.0500000000000	32.8951242056350	109.075018364677	0.478400000000000
48.1000000000000	32.6208682805472	108.953430176294	0.478400000000000
48.1500000000000	32.3466123554594	108.831841987911	0.478400000000000
48.2000000000000	32.0767129869304	108.701043977694	0.478400000000000
48.2500000000000	31.8087531343493	108.566145803486	0.478400000000000
48.3000000000000	31.5407932817681	108.431247629277	0.478400000000000
48.3500000000000	31.2757485159052	108.290896418609	0.478400000000000
48.4000000000000	31.0147302101823	108.143013207670	0.478400000000000
48.4500000000000	30.7537119044594	107.995129996732	0.478400000000000
48.5000000000000	30.4938136029869	107.845378389662	0.478400000000000
48.5500000000000	30.2403655973477	107.684866370058	0.478400000000000
48.6000000000000	29.9869175917086	107.524354350453	0.478400000000000
48.6500000000000	29.7334695860694	107.363842330849	0.478400000000000
48.7000000000000	29.4871875395536	107.192606833426	0.478400000000000
48.7500000000000	29.2419203515273	107.019852654091	0.478400000000000
48.8000000000000	28.9966531635010	106.847098474756	0.478400000000000
48.8500000000000	28.7566835655888	106.667202017179	0.478400000000000
48.9000000000000	28.5201880063645	106.482621816542	0.478400000000000
48.9500000000000	28.2836924471403	106.298041615905	0.478400000000000
49	28.0502976932137	106.109683412978	0.478400000000000
49.0500000000000	27.8231434444668	105.913721816545	0.478400000000000
49.1000000000000	27.5959891957199	105.717760220113	0.478400000000000
49.1500000000000	27.3694277111056	105.521144664010	0.478400000000000
49.2000000000000	27.1521619527214	105.314273713334	0.478400000000000
49.2500000000000	26.9348961943372	105.107402762657	0.478400000000000
49.3000000000000	26.7176304359529	104.900531811981	0.478400000000000
49.3500000000000	26.5085686355771	104.685457546779	0.478400000000000
49.4000000000000	26.3017147275781	104.468175562377	0.478400000000000
49.4500000000000	26.0948608195792	104.250893577975	0.478400000000000
49.5000000000000	25.8936359244958	104.028510130647	0.478400000000000
49.5500000000000	25.6976921463477	103.801340511628	0.478400000000000
49.6000000000000	25.5017483681996	103.574170892609	0.478400000000000
49.6500000000000	25.3085811822461	103.344722742739	0.478400000000000
49.7000000000000	25.1240195325782	103.108212706014	0.478400000000000
49.7500000000000	24.9394578829103	102.871702669288	0.478400000000000
49.8000000000000	24.7548962332424	102.635192632563	0.478400000000000
49.8500000000000	24.5818294658287	102.390157977998	0.478400000000000
49.9000000000000	24.4090945254616	102.144877240115	0.478400000000000
49.9500000000000	24.2363595850944	101.899596502232	0.478400000000000
50	24.0721938956237	101.648590338645	0.478400000000000
50.0500000000000	23.9117017566419	101.395129743433	0.478400000000000
50.1000000000000	23.7512096176600	101.141669148221	0.478400000000000
50.1500000000000	23.5961221232105	100.884969331892	0.478400000000000
50.2000000000000	23.4482593866601	100.623939427207	0.478400000000000
50.2500000000000	23.3003966501097	100.362909522522	0.478400000000000
50.3000000000000	23.1545588962371	100.100797305894	0.478400000000000
50.3500000000000	23.0196817408631	99.8328268729015	0.478400000000000
50.4000000000000	22.8848045854890	99.5648564399089	0.478400000000000
50.4500000000000	22.7499274301151	99.2968860069164	0.478400000000000
50.5000000000000	22.6268159439407	99.0233511446488	0.478400000000000
50.5500000000000	22.5052492682067	98.7490856831867	0.478400000000000
50.6000000000000	22.3836825924727	98.4748202217247	0.478400000000000
50.6500000000000	22.2704403255791	98.1971068686223	0.478400000000000
50.7000000000000	22.1624769650365	97.9172070422910	0.478400000000000
50.7500000000000	22.0545136044939	97.6373072159596	0.478400000000000
50.8000000000000	21.9512629503273	97.3557212476339	0.478400000000000
50.8500000000000	21.8571629722193	97.0708612923576	0.478400000000000
50.9000000000000	21.7630629941113	96.7860013370811	0.478400000000000
50.9500000000000	21.6699202742445	96.5008510160868	0.478400000000000
51	21.5899103510437	96.2117171159827	0.478400000000000
51.0500000000000	21.5099004278429	95.9225832158786	0.478400000000000
51.1000000000000	21.4298905046421	95.6334493157746	0.478400000000000
51.1500000000000	21.3612487940790	95.3414679749796	0.478400000000000
51.2000000000000	21.2955216574681	95.0487566094454	0.478400000000000
51.2500000000000	21.2297945208572	94.7560452439111	0.478400000000000
51.3000000000000	21.1716336240238	94.4618289370194	0.478400000000000
51.3500000000000	21.1203476006345	94.1662452030202	0.478400000000000
51.4000000000000	21.0690615772453	93.8706614690209	0.478400000000000
51.4500000000000	21.0214449269192	93.5745334626188	0.478400000000000
51.5000000000000	20.9847235569475	93.2767893762167	0.478400000000000
51.5500000000000	20.9480021869758	92.9790452898146	0.478400000000000
51.6000000000000	20.9112808170041	92.6813012034126	0.478400000000000
51.6500000000000	20.8889185608777	92.3821429392184	0.478400000000000
51.7000000000000	20.8668503004943	92.0829557204345	0.478400000000000
51.7500000000000	20.8447820401109	91.7837685016506	0.478400000000000
51.8000000000000	20.8331248725996	91.4840698445644	0.478400000000000
51.8500000000000	20.8257628808726	91.1841601897051	0.478400000000000
51.9000000000000	20.8184008891457	90.8842505348458	0.478400000000000
51.9500000000000	20.8142481916992	90.5842939963904	0.478400000000000
52	20.8142482012601	90.2842939963904	0.478400000000000
52.0500000000000	20.8142482108210	89.9842939963903	0.478400000000000
52.1000000000000	20.8142482203818	89.6842939963904	0.478400000000000
52.1500000000000	20.8142482299427	89.3842939963903	0.478400000000000
52.2000000000000	20.8142482395035	89.0842939963904	0.478400000000000
52.2500000000000	20.8142482490644	88.7842939963904	0.478400000000000
52.3000000000000	20.8142482586253	88.4842939963904	0.478400000000000
52.3500000000000	20.8142482681861	88.1842939963904	0.478400000000000
52.4000000000000	20.8142482777470	87.8842939963903	0.478400000000000
52.4500000000000	20.8142482873079	87.5842939963904	0.478400000000000
52.5000000000000	20.8142482968687	87.2842939963904	0.478400000000000
52.5500000000000	20.8142483064296	86.9842939963903	0.478400000000000
52.6000000000000	20.8142483159905	86.6842939963904	0.478400000000000
52.6500000000000	20.8142483255513	86.3842939963903	0.478400000000000
52.7000000000000	20.8142483351122	86.0842939963904	0.478400000000000
52.7500000000000	20.8142483446730	85.7842939963904	0.478400000000000
52.8000000000000	20.8142483542339	85.4842939963904	0.478400000000000
52.8500000000000	20.8142483637948	85.1842939963904	0.478400000000000
52.9000000000000	20.8142483733556	84.8842939963903	0.478400000000000
52.9500000000000	20.8142483829165	84.5842939963904	0.478400000000000
53	20.8142483924774	84.2842939963904	0.478400000000000
53.0500000000000	20.8142484020382	83.9842939963903	0.478400000000000
53.1000000000000	20.8142484115991	83.6842939963904	0.478400000000000
53.1500000000000	20.8142484211600	83.3842939963903	0.478400000000000
53.2000000000000	20.8142484307208	83.0842939963904	0.478400000000000
53.2500000000000	20.8142484402817	82.7842939963904	0.478400000000000
53.3000000000000	20.8142484498426	82.4842939963903	0.478400000000000
53.3500000000000	20.8142484594034	82.1842939963904	0.478400000000000
53.4000000000000	20.8142484689643	81.8842939963903	0.478400000000000
53.4500000000000	20.8142484785251	81.5842939963904	0.478400000000000
53.5000000000000	20.8142484880860	81.2842939963904	0.478400000000000
53.5500000000000	20.8142484976469	80.9842939963903	0.478400000000000
53.6000000000000	20.8142485072077	80.6842939963904	0.478400000000000
53.6500000000000	20.8142485167686	80.3842939963903	0.478400000000000
53.7000000000000	20.8142485263295	80.0842939963904	0.478400000000000
53.7500000000000	20.8142485358903	79.7842939963904	0.478400000000000
53.8000000000000	20.8142485454512	79.4842939963903	0.478400000000000
53.8500000000000	20.8142485550121	79.1842939963904	0.478400000000000
53.9000000000000	20.8142485645729	78.8842939963903	0.478400000000000
53.9500000000000	20.8142485741338	78.5842939963904	0.478400000000000
54	20.8142485836947	78.2842939963904	0.478400000000000
54.0500000000000	20.8142485932555	77.9842939963903	0.478400000000000
54.1000000000000	20.8142486028164	77.6842939963904	0.478400000000000
54.1500000000000	20.8142486123772	77.3842939963903	0.478400000000000
54.2000000000000	20.8142486219381	77.0842939963904	0.478400000000000
54.2500000000000	20.8142486314990	76.7842939963904	0.478400000000000
54.3000000000000	20.8142486410598	76.4842939963903	0.478400000000000
54.3500000000000	20.8142486506207	76.1842939963904	0.478400000000000
54.4000000000000	20.8142486601816	75.8842939963903	0.478400000000000
54.4500000000000	20.8142486697424	75.5842939963904	0.478400000000000
54.5000000000000	20.8142486793033	75.2842939963904	0.478400000000000
54.5500000000000	20.8142486888642	74.9842939963903	0.478400000000000
54.6000000000000	20.8142486984250	74.6842939963904	0.478400000000000
54.6500000000000	20.8142487079859	74.3842939963903	0.478400000000000
54.7000000000000	20.8142487175467	74.0842939963904	0.478400000000000
54.7500000000000	20.8142487271076	73.7842939963904	0.478400000000000
54.8000000000000	20.8142487366685	73.4842939963903	0.478400000000000
54.8500000000000	20.8142487462293	73.1842939963904	0.478400000000000
54.9000000000000	20.8142487557902	72.8842939963903	0.478400000000000
54.9500000000000	20.8142487653511	72.5842939963904	0.478400000000000
55	20.8142487749119	72.2842939963904	0.478400000000000
55.0500000000000	20.8142487844728	71.9842939963903	0.478400000000000
55.1000000000000	20.8142487940337	71.6842939963904	0.478400000000000
55.1500000000000	20.8142488035945	71.3842939963903	0.478400000000000
55.2000000000000	20.8142488131554	71.0842939963904	0.478400000000000
55.2500000000000	20.8142488227163	70.7842939963904	0.478400000000000
55.3000000000000	20.8142488322771	70.4842939963903	0.478400000000000
55.3500000000000	20.8142488418380	70.1842939963904	0.478400000000000
55.4000000000000	20.8142488513989	69.8842939963903	0.478400000000000
55.4500000000000	20.8142488609597	69.5842939963904	0.478400000000000
55.5000000000000	20.8142488705206	69.2842939963904	0.478400000000000
55.5500000000000	20.8142488800814	68.9842939963903	0.478400000000000
55.6000000000000	20.8142488896423	68.6842939963904	0.478400000000000
55.6500000000000	20.8142488992032	68.3842939963903	0.478400000000000
55.7000000000000	20.8142489087640	68.0842939963904	0.478400000000000
55.7500000000000	20.8142489183249	67.7842939963904	0.478400000000000
55.8000000000000	20.8142489278858	67.4842939963903	0.478400000000000
55.8500000000000	20.8142489374466	67.1842939963904	0.478400000000000
55.9000000000000	20.8142489470075	66.8842939963903	0.478400000000000
55.9500000000000	20.8142489565684	66.5842939963903	0.478400000000000
56	20.8142489661292	66.2842939963904	0.478400000000000
56.0500000000000	20.8142489756901	65.9842939963903	0.478400000000000
56.1000000000000	20.8142489852510	65.6842939963904	0.478400000000000
56.1500000000000	20.8142489948118	65.3842939963903	0.478400000000000
56.2000000000000	20.8142490043727	65.0842939963904	0.478400000000000
56.2500000000000	20.8142490139335	64.7842939963904	0.478400000000000
56.3000000000000	20.8142490234944	64.4842939963903	0.478400000000000
56.3500000000000	20.8142490330553	64.1842939963904	0.478400000000000
56.4000000000000	20.8142490426161	63.8842939963903	0.478400000000000
56.4500000000000	20.8142490521770	63.5842939963904	0.478400000000000
56.5000000000000	20.8142490617379	63.2842939963904	0.478400000000000
56.5500000000000	20.8142490712987	62.9842939963903	0.478400000000000
56.6000000000000	20.8142490808596	62.6842939963904	0.478400000000000
56.6500000000000	20.8142490904205	62.3842939963903	0.478400000000000
56.7000000000000	20.8142490999813	62.0842939963904	0.478400000000000
56.7500000000000	20.8142491095422	61.7842939963904	0.478400000000000
56.8000000000000	20.8142491191030	61.4842939963903	0.478400000000000
56.8500000000000	20.8142491286639	61.1842939963904	0.478400000000000
56.9000000000000	20.8142491382248	60.8842939963903	0.478400000000000
56.9500000000000	20.8142491477856	60.5842939963904	0.478400000000000
57	20.8142491573465	60.2842939963904	0.478400000000000
57.0500000000000	20.8142491669074	59.9842939963903	0.478400000000000
57.1000000000000	20.8142491764682	59.6842939963904	0.478400000000000
57.1500000000000	20.8142491860291	59.3842939963903	0.478400000000000
57.2000000000000	20.8142491955900	59.0842939963904	0.478400000000000
57.2500000000000	20.8142492051508	58.7842939963904	0.478400000000000
57.3000000000000	20.8142492147117	58.4842939963903	0.478400000000000
57.3500000000000	20.8142492242726	58.1842939963904	0.478400000000000
57.4000000000000	20.8142492338334	57.8842939963903	0.478400000000000
57.4500000000000	20.8142492433943	57.5842939963904	0.478400000000000
57.5000000000000	20.8142492529551	57.2842939963904	0.478400000000000
57.5500000000000	20.8142492625160	56.9842939963903	0.478400000000000
57.6000000000000	20.8142492720769	56.6842939963904	0.478400000000000
57.6500000000000	20.8142492816377	56.3842939963903	0.478400000000000
57.7000000000000	20.8142492911986	56.0842939963904	0.478400000000000
57.7500000000000	20.8142493007595	55.7842939963904	0.478400000000000
57.8000000000000	20.8142493103203	55.4842939963903	0.478400000000000
57.8500000000000	20.8142493198812	55.1842939963904	0.478400000000000
57.9000000000000	20.8142493294421	54.8842939963903	0.478400000000000
57.9500000000000	20.8142493390029	54.5842939963904	0.478400000000000
58	20.8142493485638	54.2842939963904	0.478400000000000
58.0500000000000	20.8142493581247	53.9842939963903	0.478400000000000
58.1000000000000	20.8142493676855	53.6842939963904	0.478400000000000
58.1500000000000	20.8142493772464	53.3842939963903	0.478400000000000
58.2000000000000	20.8142493868072	53.0842939963904	0.478400000000000
58.2500000000000	20.8142493963681	52.7842939963904	0.478400000000000
58.3000000000000	20.8142494059290	52.4842939963903	0.478400000000000
58.3500000000000	20.8142494154898	52.1842939963904	0.478400000000000
58.4000000000000	20.8142494250507	51.8842939963903	0.478400000000000
58.4500000000000	20.8142494346116	51.5842939963904	0.478400000000000
58.5000000000000	20.8142494441724	51.2842939963904	0.478400000000000
58.5500000000000	20.8142494537333	50.9842939963903	0.478400000000000
58.6000000000000	20.8142494632942	50.6842939963904	0.478400000000000
58.6500000000000	20.8142494728550	50.3842939963903	0.478400000000000
58.7000000000000	20.8142494824159	50.0842939963904	0.478400000000000
58.7500000000000	20.8142494919767	49.7842939963904	0.478400000000000
58.8000000000000	20.8142495015376	49.4842939963903	0.478400000000000
58.8500000000000	20.8142495110985	49.1842939963904	0.478400000000000
58.9000000000000	20.8142495206593	48.8842939963903	0.478400000000000
58.9500000000000	20.8142495302202	48.5842939963904	0.478400000000000
59	20.8142495397811	48.2842939963904	0.478400000000000
59.0500000000000	20.8142495493419	47.9842939963903	0.478400000000000
59.1000000000000	20.8142495589028	47.6842939963904	0.478400000000000
59.1500000000000	20.8142495684637	47.3842939963903	0.478400000000000
59.2000000000000	20.8142495780245	47.0842939963904	0.478400000000000
59.2500000000000	20.8142495875854	46.7842939963904	0.478400000000000
59.3000000000000	20.8142495971463	46.4842939963903	0.478400000000000
59.3500000000000	20.8142496067071	46.1842939963904	0.478400000000000
59.4000000000000	20.8142496162680	45.8842939963903	0.478400000000000
59.4500000000000	20.8142496258289	45.5842939963904	0.478400000000000
59.5000000000000	20.8142496353897	45.2842939963904	0.478400000000000
59.5500000000000	20.8142496449506	44.9842939963903	0.478400000000000
59.6000000000000	20.8142496545114	44.6842939963904	0.478400000000000
59.6500000000000	20.8142496640723	44.3842939963903	0.478400000000000
59.7000000000000	20.8142496736332	44.0842939963904	0.478400000000000
59.7500000000000	20.8142496831940	43.7842939963904	0.478400000000000
59.8000000000000	20.8142496927549	43.4842939963903	0.478400000000000
59.8500000000000	20.8142497023158	43.1842939963904	0.478400000000000
59.9000000000000	20.8142497118766	42.8842939963903	0.478400000000000
59.9500000000000	20.8142497214375	42.5842939963904	0.478400000000000
60	20.8142497309984	42.2842939963904	0.478400000000000
60.0500000000000	20.8142497405592	41.9842939963903	0.478400000000000
60.1000000000000	20.8142497501201	41.6842939963904	0.478400000000000
60.1500000000000	20.8142497596809	41.3842939963903	0.478400000000000
60.2000000000000	20.8142497692418	41.0842939963904	0.478400000000000
60.2500000000000	20.8142497788027	40.7842939963904	0.478400000000000
60.3000000000000	20.8142497883635	40.4842939963903	0.478400000000000
60.3500000000000	20.8142497979244	40.1842939963904	0.478400000000000
60.4000000000000	20.8142498074853	39.8842939963903	0.478400000000000
60.4500000000000	20.8142498170461	39.5842939963904	0.478400000000000
60.5000000000000	20.8142498266070	39.2842939963904	0.478400000000000
60.5500000000000	20.8142498361679	38.9842939963903	0.478400000000000
60.6000000000000	20.8142498457287	38.6842939963904	0.478400000000000
60.6500000000000	20.8142498552896	38.3842939963903	0.478400000000000
60.7000000000000	20.8142498648505	38.0842939963904	0.478400000000000
60.7500000000000	20.8142498744113	37.7842939963904	0.478400000000000
60.8000000000000	20.8142498839722	37.4842939963903	0.478400000000000
60.8500000000000	20.8142498935330	37.1842939963904	0.478400000000000
60.9000000000000	20.8142499030939	36.8842939963903	0.478400000000000
60.9500000000000	20.8142499126548	36.5842939963904	0.478400000000000
61	20.8142499222156	36.2842939963904	0.478400000000000
61.0500000000000	20.8142499317765	35.9842939963903	0.478400000000000
61.1000000000000	20.8142499413374	35.6842939963904	0.478400000000000
61.1500000000000	20.8142499508982	35.3842939963903	0.478400000000000
61.2000000000000	20.8142499604591	35.0842939963904	0.478400000000000
61.2500000000000	20.8142499700200	34.7842939963904	0.478400000000000
61.3000000000000	20.8142499795808	34.4842939963903	0.478400000000000
61.3500000000000	20.8142499891417	34.1842939963904	0.478400000000000
61.4000000000000	20.8142499987026	33.8842939963903	0.478400000000000
61.4500000000000	20.8142500082634	33.5842939963904	0.478400000000000
61.5000000000000	20.8142500178243	33.2842939963904	0.478400000000000
61.5500000000000	20.8142500273851	32.9842939963903	0.478400000000000
61.6000000000000	20.8142500369460	32.6842939963904	0.478400000000000
61.6500000000000	20.8142500465069	32.3842939963904	0.478400000000000
61.7000000000000	20.8142500560677	32.0842939963904	0.478400000000000
61.7500000000000	20.8142500656286	31.7842939963904	0.478400000000000
61.8000000000000	20.8142500751895	31.4842939963903	0.478400000000000
61.8500000000000	20.8142500847503	31.1842939963904	0.478400000000000
61.9000000000000	20.8142500943112	30.8842939963903	0.478400000000000
61.9500000000000	20.8142501038721	30.5842939963904	0.478400000000000
62	20.8142501134329	30.2842939963904	0.478400000000000
62.0500000000000	20.8142501229938	29.9842939963903	0.478400000000000
62.1000000000000	20.8142501325547	29.6842939963904	0.478400000000000
62.1500000000000	20.8142501421155	29.3842939963903	0.478400000000000
62.2000000000000	20.8142501516764	29.0842939963904	0.478400000000000
62.2500000000000	20.8142501612372	28.7842939963904	0.478400000000000
62.3000000000000	20.8142501707981	28.4842939963904	0.478400000000000
62.3500000000000	20.8142501803590	28.1842939963904	0.478400000000000
62.4000000000000	20.8142501899198	27.8842939963903	0.478400000000000
62.4500000000000	20.8142501994807	27.5842939963904	0.478400000000000
62.5000000000000	20.8142502090416	27.2842939963904	0.478400000000000
62.5500000000000	20.8142502186024	26.9842939963904	0.478400000000000
62.6000000000000	20.8142502281633	26.6842939963904	0.478400000000000
62.6500000000000	20.8142502377242	26.3842939963904	0.478400000000000
62.7000000000000	20.8142502472850	26.0842939963904	0.478400000000000
62.7500000000000	20.8142502568459	25.7842939963904	0.478400000000000
62.8000000000000	20.8123595289571	25.4843017415197	0.478400000000000
62.8500000000000	20.8099017484179	25.1843118094973	0.478400000000000
62.9000000000000	20.8074439678788	24.8843218774748	0.478400000000000
62.9500000000000	20.8049861873396	24.5843319454525	0.478400000000000
63	20.8025284068004	24.2843420134300	0.478400000000000
63.0500000000000	20.8000706262613	23.9843520814076	0.478400000000000
63.1000000000000	20.7976128457221	23.6843621493852	0.478400000000000
63.1500000000000	20.7951550651830	23.3843722173627	0.478400000000000
63.2000000000000	20.7926972846438	23.0843822853403	0.478400000000000
63.2500000000000	20.7902395041046	22.7843923533179	0.478400000000000
63.3000000000000	20.7877817235655	22.4844024212954	0.478400000000000
63.3500000000000	20.7853239430263	22.1844124892730	0.478400000000000
63.4000000000000	20.7828661624872	21.8844225572506	0.478400000000000
63.4500000000000	20.7804083819480	21.5844326252282	0.478400000000000
63.5000000000000	20.7779120382684	21.2844430126355	0.478400000000000
63.5500000000000	20.7754000136226	20.9844535299329	0.478400000000000
63.6000000000000	20.7728879889769	20.6844640472303	0.478400000000000
63.6500000000000	20.7703759643312	20.3844745645277	0.478400000000000
63.7000000000000	20.7678639396854	20.0844850818251	0.478400000000000
63.7500000000000	20.7653519150397	19.7844955991225	0.478400000000000
63.8000000000000	20.7628398903940	19.4845061164198	0.478400000000000
63.8500000000000	20.7603278657482	19.1845166337173	0.478400000000000
63.9000000000000	20.7578158411025	18.8845271510146	0.478400000000000
63.9500000000000	20.7553038164568	18.5845376683120	0.478400000000000
64	20.7527917918110	18.2845481856094	0.478400000000000
64.0500000000000	20.7502797671653	17.9845587029068	0.478400000000000
64.1000000000000	20.7477677425195	17.6845692202041	0.478400000000000
64.1500000000000	20.7452557178738	17.3845797375016	0.478400000000000
64.2000000000000	20.7514035330967	17.0846609216839	0.478400000000000
64.2500000000000	20.7588052598638	16.7847522448490	0.478400000000000
64.3000000000000	20.7697969582910	16.4850208764351	0.478400000000000
64.3500000000000	20.7919840969568	16.1858424499437	0.478400000000000
64.4000000000000	20.8141712356226	15.8866640234525	0.478400000000000
64.4500000000000	20.8453604797483	15.5883769977003	0.478400000000000
64.5000000000000	20.8822790066835	15.2906572933323	0.478400000000000
64.5500000000000	20.9191975336188	14.9929375889644	0.478400000000000
64.6000000000000	20.9704553790724	14.6973564598393	0.478400000000000
64.6500000000000	21.0220154010808	14.4018203975213	0.478400000000000
64.7000000000000	21.0786217477549	14.1072936191771	0.478400000000000
64.7500000000000	21.1446977209546	13.8146608018690	0.478400000000000
64.8000000000000	21.2107736941543	13.5220279845608	0.478400000000000
64.8500000000000	21.2871267189290	13.2319837694325	0.478400000000000
64.9000000000000	21.3675577544406	12.9429667309616	0.478400000000000
64.9500000000000	21.4491809482846	12.6543133804675	0.478400000000000
65	21.5437712039805	12.3696158505741	0.478400000000000
65.0500000000000	21.6383614596764	12.0849183206807	0.478400000000000
65.1000000000000	21.7392541942497	11.8024889212672	0.478400000000000
65.1500000000000	21.8477733516114	11.5228041120883	0.478400000000000
65.2000000000000	21.9562925089732	11.2431193029093	0.478400000000000
65.2500000000000	22.0760269867926	10.9681076390105	0.478400000000000
65.3000000000000	22.1982108117154	10.6941165571716	0.478400000000000
65.3500000000000	22.3229214523356	10.4213278807299	0.478400000000000
65.4000000000000	22.4584724385137	10.1536976691579	0.478400000000000
65.4500000000000	22.5940234246919	9.88606745758579	0.478400000000000
65.5000000000000	22.7368401199081	9.62234539573943	0.478400000000000
65.5500000000000	22.8854282132354	9.36172770923036	0.478400000000000
65.6000000000000	23.0340163065628	9.10111002272122	0.478400000000000
65.6500000000000	23.1943365167103	8.84757040666108	0.478400000000000
65.7000000000000	23.3555999189313	8.59459982516173	0.478400000000000
65.7500000000000	23.5204727805413	8.34405748216512	0.478400000000000
65.8000000000000	23.6940188301963	8.09934996562923	0.478400000000000
65.8500000000000	23.8675648798513	7.85464244909328	0.478400000000000
65.9000000000000	24.0489640201081	7.61580081130293	0.478400000000000
65.9500000000000	24.2343701486276	7.37995219988580	0.478400000000000
66	24.4201233644089	7.14439057596486	0.478400000000000
66.0500000000000	24.6169381250293	6.91797513920771	0.478400000000000
66.1000000000000	24.8137528856498	6.69155970245050	0.478400000000000
66.1500000000000	25.0149252174241	6.46912509137057	0.478400000000000
66.2000000000000	25.2226693844183	6.25269412990735	0.478400000000000
66.2500000000000	25.4304135514125	6.03626316844412	0.478400000000000
66.3000000000000	25.6461523856168	5.82789428873069	0.478400000000000
66.3500000000000	25.8643201211647	5.62197479192201	0.478400000000000
66.4000000000000	26.0838258781239	5.41754487458119	0.478400000000000
66.4500000000000	26.3118859639806	5.22263823734421	0.478400000000000
66.5000000000000	26.5399460498374	5.02773160010724	0.478400000000000
66.5500000000000	26.7727076788663	4.83860930799197	0.478400000000000
66.6000000000000	27.0101048098297	4.65519010994983	0.478400000000000
66.6500000000000	27.2475019407929	4.47177091190779	0.478400000000000
66.7000000000000	27.4925353023774	4.29875599401610	0.478400000000000
66.7500000000000	27.7386914384043	4.12727084394084	0.478400000000000
66.8000000000000	27.9868066476875	3.95875122826752	0.478400000000000
66.8500000000000	28.2411224213682	3.79961767662867	0.478400000000000
66.9000000000000	28.4954381950489	3.64048412498990	0.478400000000000
66.9500000000000	28.7543413345304	3.48910066277494	0.478400000000000
67	29.0161975104928	3.34270618504316	0.478400000000000
67.0500000000000	29.2780536864551	3.19631170731139	0.478400000000000
67.1000000000000	29.5466514873626	3.06270697748117	0.478400000000000
67.1500000000000	29.8154104700526	2.92940803066105	0.478400000000000
67.2000000000000	30.0863247029648	2.80073805456284	0.478400000000000
67.2500000000000	30.3613320891332	2.68085920925312	0.478400000000000
67.3000000000000	30.6363394753017	2.56098036394339	0.478400000000000
67.3500000000000	30.9153256877052	2.45088100248334	0.478400000000000
67.4000000000000	31.1959118598183	2.34471415257771	0.478400000000000
67.4500000000000	31.4768969476446	2.23968568617190	0.478400000000000
67.5000000000000	31.7623787043413	2.14748933812419	0.478400000000000
67.5500000000000	32.0478604610381	2.05529299007648	0.478400000000000
67.6000000000000	32.3352314310551	1.96948102569306	0.478400000000000
67.6500000000000	32.6249136506789	1.89147966907812	0.478400000000000
67.7000000000000	32.9145958703028	1.81347831246316	0.478400000000000
67.7500000000000	33.2071372376604	1.74724441459871	0.478400000000000
67.8000000000000	33.5003145708165	1.68362797550089	0.478400000000000
67.8500000000000	33.7940101065612	1.62272059193322	0.478400000000000
67.9000000000000	34.0899686935765	1.57364397049412	0.478400000000000
67.9500000000000	34.3859272805918	1.52456734905500	0.478400000000000
68	34.6830286847013	1.48362075567468	0.478400000000000
68.0500000000000	34.9810478938072	1.44920344892547	0.478400000000000
68.1000000000000	35.2790671029132	1.41478614217626	0.478400000000000
68.1500000000000	35.5783183270339	1.39397491112771	0.478400000000000
68.2000000000000	35.8776725090377	1.37430072202506	0.478400000000000
68.2500000000000	36.1772031521238	1.35893300937663	0.478400000000000
68.3000000000000	36.4771634072972	1.35404984275017	0.478400000000000
68.3500000000000	36.7771236624706	1.34916667612370	0.478400000000000
