0	36.8457000000000	5.34740000000000	0.478400000000000
0.0500000000000000	36.5457397456789	5.35228321897940	0.478400000000000
0.100000000000000	36.2457953758421	5.35755409208089	0.478400000000000
0.150000000000000	35.9464411972721	5.37722833343070	0.478400000000000
0.200000000000000	35.6471569947634	5.39767537196715	0.478400000000000
0.250000000000000	35.3491377916645	5.43209273073052	0.478400000000000
0.300000000000000	35.0512806077186	5.46766269615312	0.478400000000000
0.350000000000000	34.7553220292687	5.51673936924675	0.478400000000000
0.400000000000000	34.4596550237689	5.56734032373767	0.478400000000000
0.450000000000000	34.1664777017160	5.63095681400459	0.478400000000000
0.500000000000000	33.8737583926751	5.69645835731084	0.478400000000000
0.550000000000000	33.5840761866650	5.77445976448489	0.478400000000000
0.600000000000000	33.2950545141953	5.85469336894178	0.478400000000000
0.650000000000000	33.0095727735898	5.94688976681545	0.478400000000000
0.700000000000000	32.7249891833009	6.04164920970126	0.478400000000000
0.750000000000000	32.4444030297174	6.14781610857844	0.478400000000000
0.800000000000000	32.1649865804267	6.25685800069397	0.478400000000000
0.850000000000000	31.8899792151811	6.37673689400154	0.478400000000000
0.900000000000000	31.6164457157649	6.49978130312310	0.478400000000000
0.950000000000000	31.3476867563399	6.63308029685055	0.478400000000000
1	31.0807369364732	6.76981146446332	0.478400000000000
1.05000000000000	30.8188807860615	6.91620598789762	0.478400000000000
1.10000000000000	30.5591985055128	7.06627313737865	0.478400000000000
1.15000000000000	30.3048827596061	7.22540673340393	0.478400000000000
1.20000000000000	30.0531332606520	7.38842496759110	0.478400000000000
1.25000000000000	29.8069771545549	7.55991016062871	0.478400000000000
1.30000000000000	29.5638053619711	7.73546144648443	0.478400000000000
1.35000000000000	29.3264082630205	7.91888068596014	0.478400000000000
1.40000000000000	29.0924371359833	8.10651492381657	0.478400000000000
1.45000000000000	28.8643770841442	8.30142160085754	0.478400000000000
1.50000000000000	28.6402060242457	8.50065777551467	0.478400000000000
1.55000000000000	28.4220383246376	8.70657731040075	0.478400000000000
1.60000000000000	28.2082416440724	8.91690472114035	0.478400000000000
1.65000000000000	28.0004975148525	9.13333571886177	0.478400000000000
1.70000000000000	27.7976229686835	9.35421528523908	0.478400000000000
1.75000000000000	27.6008082475801	9.58063075634688	0.478400000000000
1.80000000000000	27.4093756338250	9.81149639642882	0.478400000000000
1.85000000000000	27.2239695464688	10.0473450402054	0.478400000000000
1.90000000000000	27.0444693775773	10.2876051177397	0.478400000000000
1.95000000000000	26.8709233706318	10.5323126645651	0.478400000000000
2	26.7038156197416	10.7813515013890	0.478400000000000
2.05000000000000	26.5425522616723	11.0343221110342	0.478400000000000
2.10000000000000	26.3882651868408	11.2915015608656	0.478400000000000
2.15000000000000	26.2396771389998	11.5521192733082	0.478400000000000
2.20000000000000	26.0986061884111	11.8167803529047	0.478400000000000
2.25000000000000	25.9630552489431	12.0844105881349	0.478400000000000
2.30000000000000	25.8355620498816	12.3558751616613	0.478400000000000
2.35000000000000	25.7133782727792	12.6298662648252	0.478400000000000
2.40000000000000	25.5997897069495	12.9074387771336	0.478400000000000
2.45000000000000	25.4912705984019	13.1871236052528	0.478400000000000
2.50000000000000	25.3918779659538	13.4700928596555	0.478400000000000
2.55000000000000	25.2972877599470	13.7547904060580	0.478400000000000
2.60000000000000	25.2123460343388	14.0424313820588	0.478400000000000
2.65000000000000	25.1319150492701	14.3314484345676	0.478400000000000
2.70000000000000	25.0616422248713	14.6230241409166	0.478400000000000
2.75000000000000	24.9955663027456	14.9156569697571	0.478400000000000
2.80000000000000	24.9401428368452	15.2104203281031	0.478400000000000
2.85000000000000	24.8885828664176	15.5059563994202	0.478400000000000
2.90000000000000	24.8481512170621	15.8031521537576	0.478400000000000
2.95000000000000	24.8112327420887	16.1008718645691	0.478400000000000
3	24.7858970029310	16.3997385116096	0.478400000000000
3.05000000000000	24.7637099164817	16.6989169419733	0.478400000000000
3.10000000000000	24.7535355495745	16.9986886775190	0.478400000000000
3.15000000000000	24.7461338751513	17.2985973556458	0.478400000000000
3.20000000000000	24.7470518409765	17.5985718319445	0.478400000000000
3.25000000000000	24.7495737053283	17.8985612320909	0.478400000000000
3.30000000000000	24.7520955696800	18.1985506322373	0.478400000000000
3.35000000000000	24.7546174340318	18.4985400323837	0.478400000000000
3.40000000000000	24.7571392983835	18.7985294325301	0.478400000000000
3.45000000000000	24.7596611627353	19.0985188326765	0.478400000000000
3.50000000000000	24.7621830270870	19.3985082328229	0.478400000000000
3.55000000000000	24.7647048914388	19.6984976329693	0.478400000000000
3.60000000000000	24.7672267557905	19.9984870331157	0.478400000000000
3.65000000000000	24.7697486201423	20.2984764332620	0.478400000000000
3.70000000000000	24.7722704844940	20.5984658334084	0.478400000000000
3.75000000000000	24.7747923488458	20.8984552335548	0.478400000000000
3.80000000000000	24.7773142131975	21.1984446337012	0.478400000000000
3.85000000000000	24.7798260618119	21.4984341168269	0.478400000000000
3.90000000000000	24.7822749624467	21.7984241214699	0.478400000000000
3.95000000000000	24.7847238630814	22.0984141261128	0.478400000000000
4	24.7871727637161	22.3984041307558	0.478400000000000
4.05000000000000	24.7896216643509	22.6983941353987	0.478400000000000
4.10000000000000	24.7920705649856	22.9983841400417	0.478400000000000
4.15000000000000	24.7945194656203	23.2983741446847	0.478400000000000
4.20000000000000	24.7969683662551	23.5983641493276	0.478400000000000
4.25000000000000	24.7994172668898	23.8983541539706	0.478400000000000
4.30000000000000	24.8018661675246	24.1983441586135	0.478400000000000
4.35000000000000	24.8043150681593	24.4983341632565	0.478400000000000
4.40000000000000	24.8067639687940	24.7983241678994	0.478400000000000
4.45000000000000	24.8092128694288	25.0983141725424	0.478400000000000
4.50000000000000	24.8116617700635	25.3983041771854	0.478400000000000
4.55000000000000	24.8141106706982	25.6982941818283	0.478400000000000
4.60000000000000	24.8142480384744	25.9982936213171	0.478400000000000
4.65000000000000	24.8142480812734	26.2982936213171	0.478400000000000
4.70000000000000	24.8142481240724	26.5982936213171	0.478400000000000
4.75000000000000	24.8142481668714	26.8982936213171	0.478400000000000
4.80000000000000	24.8142482096704	27.1982936213171	0.478400000000000
4.85000000000000	24.8142482524695	27.4982936213171	0.478400000000000
4.90000000000000	24.8142482952685	27.7982936213171	0.478400000000000
4.95000000000000	24.8142483380675	28.0982936213171	0.478400000000000
5	24.8142483808665	28.3982936213171	0.478400000000000
5.05000000000000	24.8142484236655	28.6982936213171	0.478400000000000
5.10000000000000	24.8142484664645	28.9982936213171	0.478400000000000
5.15000000000000	24.8142485092635	29.2982936213171	0.478400000000000
5.20000000000000	24.8142485520625	29.5982936213171	0.478400000000000
5.25000000000000	24.8142485948616	29.8982936213171	0.478400000000000
5.30000000000000	24.8142486376606	30.1982936213171	0.478400000000000
5.35000000000000	24.8142486804596	30.4982936213171	0.478400000000000
5.40000000000000	24.8142487232586	30.7982936213171	0.478400000000000
5.45000000000000	24.8142487660576	31.0982936213171	0.478400000000000
5.50000000000000	24.8142488088566	31.3982936213171	0.478400000000000
5.55000000000000	24.8142488516556	31.6982936213171	0.478400000000000
5.60000000000000	24.8142488944547	31.9982936213171	0.478400000000000
5.65000000000000	24.8142489372537	32.2982936213171	0.478400000000000
5.70000000000000	24.8142489800527	32.5982936213171	0.478400000000000
5.75000000000000	24.8142490228517	32.8982936213171	0.478400000000000
5.80000000000000	24.8142490656507	33.1982936213171	0.478400000000000
5.85000000000000	24.8142491084497	33.4982936213171	0.478400000000000
5.90000000000000	24.8142491512487	33.7982936213171	0.478400000000000
5.95000000000000	24.8142491940477	34.0982936213171	0.478400000000000
6	24.8142492368468	34.3982936213170	0.478400000000000
6.05000000000000	24.8142492796458	34.6982936213170	0.478400000000000
6.10000000000000	24.8142493224448	34.9982936213170	0.478400000000000
6.15000000000000	24.8142493652438	35.2982936213170	0.478400000000000
6.20000000000000	24.8142494080428	35.5982936213170	0.478400000000000
6.25000000000000	24.8142494508418	35.8982936213170	0.478400000000000
6.30000000000000	24.8142494936408	36.1982936213170	0.478400000000000
6.35000000000000	24.8142495364398	36.4982936213170	0.478400000000000
6.40000000000000	24.8142495792389	36.7982936213170	0.478400000000000
6.45000000000000	24.8142496220379	37.0982936213170	0.478400000000000
6.50000000000000	24.8142496648369	37.3982936213170	0.478400000000000
6.55000000000000	24.8142497076359	37.6982936213170	0.478400000000000
6.60000000000000	24.8142497504349	37.9982936213170	0.478400000000000
6.65000000000000	24.8142497932339	38.2982936213170	0.478400000000000
6.70000000000000	24.8142498360329	38.5982936213170	0.478400000000000
6.75000000000000	24.8142498788320	38.8982936213170	0.478400000000000
6.80000000000000	24.8142499216310	39.1982936213170	0.478400000000000
6.85000000000000	24.8142499644300	39.4982936213170	0.478400000000000
6.90000000000000	24.8142500072290	39.7982936213170	0.478400000000000
6.95000000000000	24.8142500500280	40.0982936213170	0.478400000000000
7	24.8142500928270	40.3982936213170	0.478400000000000
7.05000000000000	24.8142501356260	40.6982936213170	0.478400000000000
7.10000000000000	24.8142501784250	40.9982936213170	0.478400000000000
7.15000000000000	24.8142502212241	41.2982936213170	0.478400000000000
7.20000000000000	24.8142502640231	41.5982936213170	0.478400000000000
7.25000000000000	24.8142503068221	41.8982936213170	0.478400000000000
7.30000000000000	24.8142503496211	42.1982936213170	0.478400000000000
7.35000000000000	24.8142503924201	42.4982936213170	0.478400000000000
7.40000000000000	24.8142504352191	42.7982936213170	0.478400000000000
7.45000000000000	24.8142504780181	43.0982936213170	0.478400000000000
7.50000000000000	24.8142505208172	43.3982936213169	0.478400000000000
7.55000000000000	24.8142505636162	43.6982936213170	0.478400000000000
7.60000000000000	24.8142506064152	43.9982936213170	0.478400000000000
7.65000000000000	24.8142506492142	44.2982936213170	0.478400000000000
7.70000000000000	24.8142506920132	44.5982936213169	0.478400000000000
7.75000000000000	24.8142507348122	44.8982936213169	0.478400000000000
7.80000000000000	24.8142507776112	45.1982936213169	0.478400000000000
7.85000000000000	24.8142508204102	45.4982936213169	0.478400000000000
7.90000000000000	24.8142508632093	45.7982936213169	0.478400000000000
7.95000000000000	24.8142509060083	46.0982936213169	0.478400000000000
8	24.8142509488073	46.3982936213169	0.478400000000000
8.05000000000000	24.8142509916063	46.6982936213169	0.478400000000000
8.10000000000000	24.8142510344053	46.9982936213169	0.478400000000000
8.15000000000000	24.8142510772043	47.2982936213169	0.478400000000000
8.20000000000000	24.8142511200033	47.5982936213169	0.478400000000000
8.25000000000000	24.8142511628024	47.8982936213169	0.478400000000000
8.30000000000000	24.8142512056014	48.1982936213169	0.478400000000000
8.35000000000000	24.8142512484004	48.4982936213169	0.478400000000000
8.40000000000000	24.8142512911994	48.7982936213169	0.478400000000000
8.45000000000000	24.8142513339984	49.0982936213169	0.478400000000000
8.50000000000000	24.8142513767974	49.3982936213169	0.478400000000000
8.55000000000000	24.8142514195964	49.6982936213169	0.478400000000000
8.60000000000000	24.8142514623954	49.9982936213169	0.478400000000000
8.65000000000000	24.8142515051945	50.2982936213169	0.478400000000000
8.70000000000000	24.8142515479935	50.5982936213169	0.478400000000000
8.75000000000000	24.8142515907925	50.8982936213169	0.478400000000000
8.80000000000000	24.8142516335915	51.1982936213169	0.478400000000000
8.85000000000000	24.8142516763905	51.4982936213169	0.478400000000000
8.90000000000000	24.8142517191895	51.7982936213169	0.478400000000000
8.95000000000000	24.8142517619885	52.0982936213169	0.478400000000000
9	24.8142518047876	52.3982936213169	0.478400000000000
9.05000000000000	24.8142518475866	52.6982936213169	0.478400000000000
9.10000000000000	24.8142518903856	52.9982936213169	0.478400000000000
9.15000000000000	24.8142519331846	53.2982936213169	0.478400000000000
9.20000000000000	24.8142519759836	53.5982936213169	0.478400000000000
9.25000000000000	24.8142520187826	53.8982936213168	0.478400000000000
9.30000000000000	24.8142520615816	54.1982936213169	0.478400000000000
9.35000000000000	24.8142521043806	54.4982936213169	0.478400000000000
9.40000000000000	24.8142521471797	54.7982936213168	0.478400000000000
9.45000000000000	24.8142521899787	55.0982936213169	0.478400000000000
9.50000000000000	24.8142522327777	55.3982936213168	0.478400000000000
9.55000000000000	24.8142522755767	55.6982936213168	0.478400000000000
9.60000000000000	24.8142523183757	55.9982936213168	0.478400000000000
9.65000000000000	24.8142523611747	56.2982936213168	0.478400000000000
9.70000000000000	24.8142524039737	56.5982936213168	0.478400000000000
9.75000000000000	24.8142524467728	56.8982936213168	0.478400000000000
9.80000000000000	24.8142524895718	57.1982936213168	0.478400000000000
9.85000000000000	24.8142525323708	57.4982936213168	0.478400000000000
9.90000000000000	24.8142525751698	57.7982936213168	0.478400000000000
9.95000000000000	24.8142526179688	58.0982936213168	0.478400000000000
10	24.8142526607678	58.3982936213168	0.478400000000000
10.0500000000000	24.8142527035668	58.6982936213168	0.478400000000000
10.1000000000000	24.8142527463658	58.9982936213168	0.478400000000000
10.1500000000000	24.8142527891649	59.2982936213168	0.478400000000000
10.2000000000000	24.8142528319639	59.5982936213168	0.478400000000000
10.2500000000000	24.8142528747629	59.8982936213168	0.478400000000000
10.3000000000000	24.8142529175619	60.1982936213168	0.478400000000000
10.3500000000000	24.8142529603609	60.4982936213168	0.478400000000000
10.4000000000000	24.8142530031599	60.7982936213168	0.478400000000000
10.4500000000000	24.8142530459589	61.0982936213168	0.478400000000000
10.5000000000000	24.8142530887580	61.3982936213168	0.478400000000000
10.5500000000000	24.8142531315570	61.6982936213168	0.478400000000000
10.6000000000000	24.8142531743560	61.9982936213168	0.478400000000000
10.6500000000000	24.8142532171550	62.2982936213168	0.478400000000000
10.7000000000000	24.8142532599540	62.5982936213168	0.478400000000000
10.7500000000000	24.8142533027530	62.8982936213168	0.478400000000000
10.8000000000000	24.8142533455520	63.1982936213167	0.478400000000000
10.8500000000000	24.8142533883510	63.4982936213168	0.478400000000000
10.9000000000000	24.8142534311501	63.7982936213167	0.478400000000000
10.9500000000000	24.8142534739491	64.0982936213168	0.478400000000000
11	24.8142535167481	64.3982936213168	0.478400000000000
11.0500000000000	24.8142535595471	64.6982936213167	0.478400000000000
11.1000000000000	24.8142536023461	64.9982936213168	0.478400000000000
11.1500000000000	24.8142536451451	65.2982936213168	0.478400000000000
11.2000000000000	24.8142536879441	65.5982936213167	0.478400000000000
11.2500000000000	24.8142537307431	65.8982936213167	0.478400000000000
11.3000000000000	24.8142537735422	66.1982936213167	0.478400000000000
11.3500000000000	24.8142538163412	66.4982936213167	0.478400000000000
11.4000000000000	24.8142538591402	66.7982936213167	0.478400000000000
11.4500000000000	24.8142539019392	67.0982936213167	0.478400000000000
11.5000000000000	24.8142539447382	67.3982936213167	0.478400000000000
11.5500000000000	24.8142539875372	67.6982936213167	0.478400000000000
11.6000000000000	24.8142540303362	67.9982936213167	0.478400000000000
11.6500000000000	24.8142540731353	68.2982936213167	0.478400000000000
11.7000000000000	24.8142541159343	68.5982936213167	0.478400000000000
11.7500000000000	24.8142541587333	68.8982936213167	0.478400000000000
11.8000000000000	24.8142542015323	69.1982936213167	0.478400000000000
11.8500000000000	24.8142542443313	69.4982936213167	0.478400000000000
11.9000000000000	24.8142542871303	69.7982936213167	0.478400000000000
11.9500000000000	24.8142543299293	70.0982936213167	0.478400000000000
12	24.8142543727284	70.3982936213167	0.478400000000000
12.0500000000000	24.8142544155274	70.6982936213167	0.478400000000000
12.1000000000000	24.8142544583264	70.9982936213167	0.478400000000000
12.1500000000000	24.8142545011254	71.2982936213167	0.478400000000000
12.2000000000000	24.8142545439244	71.5982936213167	0.478400000000000
12.2500000000000	24.8142545867234	71.8982936213167	0.478400000000000
12.3000000000000	24.8142546295224	72.1982936213167	0.478400000000000
12.3500000000000	24.8142546723214	72.4982936213167	0.478400000000000
12.4000000000000	24.8142547151205	72.7982936213167	0.478400000000000
12.4500000000000	24.8142547579195	73.0982936213167	0.478400000000000
12.5000000000000	24.8142548007185	73.3982936213166	0.478400000000000
12.5500000000000	24.8142548435175	73.6982936213167	0.478400000000000
12.6000000000000	24.8142548863165	73.9982936213167	0.478400000000000
12.6500000000000	24.8142549291155	74.2982936213167	0.478400000000000
12.7000000000000	24.8142549719145	74.5982936213167	0.478400000000000
12.7500000000000	24.8142550147136	74.8982936213166	0.478400000000000
12.8000000000000	24.8142550575126	75.1982936213167	0.478400000000000
12.8500000000000	24.8142551003116	75.4982936213166	0.478400000000000
12.9000000000000	24.8142551431106	75.7982936213166	0.478400000000000
12.9500000000000	24.8142551859096	76.0982936213166	0.478400000000000
13	24.8142552287086	76.3982936213166	0.478400000000000
13.0500000000000	24.8142552715076	76.6982936213166	0.478400000000000
13.1000000000000	24.8142553143066	76.9982936213166	0.478400000000000
13.1500000000000	24.8142553571057	77.2982936213166	0.478400000000000
13.2000000000000	24.8142553999047	77.5982936213166	0.478400000000000
13.2500000000000	24.8142554427037	77.8982936213166	0.478400000000000
13.3000000000000	24.8142554855027	78.1982936213166	0.478400000000000
13.3500000000000	24.8142555283017	78.4982936213166	0.478400000000000
13.4000000000000	24.8142555711007	78.7982936213166	0.478400000000000
13.4500000000000	24.8142556138997	79.0982936213166	0.478400000000000
13.5000000000000	24.8142556566987	79.3982936213166	0.478400000000000
13.5500000000000	24.8142556994978	79.6982936213166	0.478400000000000
13.6000000000000	24.8142557422968	79.9982936213166	0.478400000000000
13.6500000000000	24.8142557850958	80.2982936213166	0.478400000000000
13.7000000000000	24.8142558278948	80.5982936213166	0.478400000000000
13.7500000000000	24.8142558706938	80.8982936213166	0.478400000000000
13.8000000000000	24.8142559134928	81.1982936213166	0.478400000000000
13.8500000000000	24.8142559562918	81.4982936213166	0.478400000000000
13.9000000000000	24.8142559990909	81.7982936213166	0.478400000000000
13.9500000000000	24.8142560418899	82.0982936213166	0.478400000000000
14	24.8142560846889	82.3982936213166	0.478400000000000
14.0500000000000	24.8142561274879	82.6982936213166	0.478400000000000
14.1000000000000	24.8142561702869	82.9982936213166	0.478400000000000
14.1500000000000	24.8142562130859	83.2982936213166	0.478400000000000
14.2000000000000	24.8142562558849	83.5982936213166	0.478400000000000
14.2500000000000	24.8142562986839	83.8982936213166	0.478400000000000
14.3000000000000	24.8142563414830	84.1982936213166	0.478400000000000
14.3500000000000	24.8142563842820	84.4982936213166	0.478400000000000
14.4000000000000	24.8142564270810	84.7982936213166	0.478400000000000
14.4500000000000	24.8142564698800	85.0982936213165	0.478400000000000
14.5000000000000	24.8142565126790	85.3982936213166	0.478400000000000
14.5500000000000	24.8142565554780	85.6982936213165	0.478400000000000
14.6000000000000	24.8142565982770	85.9982936213166	0.478400000000000
14.6500000000000	24.8142566410761	86.2982936213165	0.478400000000000
14.7000000000000	24.8142566838751	86.5982936213165	0.478400000000000
14.7500000000000	24.8142567266741	86.8982936213165	0.478400000000000
14.8000000000000	24.8142567694731	87.1982936213165	0.478400000000000
14.8500000000000	24.8142568122721	87.4982936213165	0.478400000000000
14.9000000000000	24.8142568550711	87.7982936213165	0.478400000000000
14.9500000000000	24.8142568978701	88.0982936213165	0.478400000000000
15	24.8142569406691	88.3982936213165	0.478400000000000
15.0500000000000	24.8142569834682	88.6982936213165	0.478400000000000
15.1000000000000	24.8142570262672	88.9982936213165	0.478400000000000
15.1500000000000	24.8142570690662	89.2982936213165	0.478400000000000
15.2000000000000	24.8142571118652	89.5982936213165	0.478400000000000
15.2500000000000	24.8142571546642	89.8982936213165	0.478400000000000
15.3000000000000	24.8142571974632	90.1982936213165	0.478400000000000
15.3500000000000	24.8142572402622	90.4982936213165	0.478400000000000
15.4000000000000	24.8162982578215	90.7982685744892	0.478400000000000
15.4500000000000	24.8236603018925	91.0981782280636	0.478400000000000
15.5000000000000	24.8310223459636	91.3980878816379	0.478400000000000
15.5500000000000	24.8480850935044	91.6975209926395	0.478400000000000
15.6000000000000	24.8701534061059	91.9967082075717	0.478400000000000
15.6500000000000	24.8928375897299	92.2958347674600	0.478400000000000
15.7000000000000	24.9295590116677	92.5935788474530	0.478400000000000
15.7500000000000	24.9662804336055	92.8913229274460	0.478400000000000
15.8000000000000	25.0091835254114	93.1881500888533	0.478400000000000
15.8500000000000	25.0604696003897	93.4837338139014	0.478400000000000
15.9000000000000	25.1117556753680	93.7793175389495	0.478400000000000
15.9500000000000	25.1746932609522	94.0725837513760	0.478400000000000
16	25.2404204486508	94.3652951054387	0.478400000000000
16.0500000000000	25.3088503491777	94.6573294999452	0.478400000000000
16.1000000000000	25.3888603228419	94.9464633860850	0.478400000000000
16.1500000000000	25.4688702965061	95.2355972722247	0.478400000000000
16.2000000000000	25.5569345428863	95.5222880494431	0.478400000000000
16.2500000000000	25.6510345707117	95.8071479882960	0.478400000000000
16.3000000000000	25.7451345985372	96.0920079271488	0.478400000000000
16.3500000000000	25.8524606774041	96.3721357629231	0.478400000000000
16.4000000000000	25.9604240867984	96.6520355704114	0.478400000000000
16.4500000000000	26.0729640226793	96.9300398228510	0.478400000000000
16.5000000000000	26.1945307462817	97.2043052630956	0.478400000000000
16.5500000000000	26.3160974698841	97.4785707033402	0.478400000000000
16.6000000000000	26.4472321229687	97.7483111063727	0.478400000000000
16.6500000000000	26.5821093251124	98.0162815158247	0.478400000000000
16.7000000000000	26.7183010107961	98.2835493603375	0.478400000000000
16.7500000000000	26.8661637929048	98.5445792392155	0.478400000000000
16.8000000000000	27.0140265750135	98.8056091180935	0.478400000000000
16.8500000000000	27.1679972631730	99.0629782814561	0.478400000000000
16.9000000000000	27.3284894463920	99.3164388486566	0.478400000000000
16.9500000000000	27.4889816296111	99.5698994158570	0.478400000000000
17	27.6600763896434	99.8162760162685	0.478400000000000
17.0500000000000	27.8328113728201	100.061556724003	0.478400000000000
17.1000000000000	28.0084844062479	100.304658569514	0.478400000000000
17.1500000000000	28.1930460971946	100.541168574027	0.478400000000000
17.2000000000000	28.3776077881413	100.777678578540	0.478400000000000
17.2500000000000	28.5693496044173	101.008296416773	0.478400000000000
17.3000000000000	28.7652934222140	101.235466001593	0.478400000000000
17.3500000000000	28.9613815168306	101.462504831142	0.478400000000000
17.4000000000000	29.1682354627524	101.679786779441	0.478400000000000
17.4500000000000	29.3750894086742	101.897068727740	0.478400000000000
17.5000000000000	29.5860625282439	102.110231824043	0.478400000000000
17.5500000000000	29.8033283227340	102.317102736800	0.478400000000000
17.6000000000000	30.0205941172240	102.523973649556	0.478400000000000
17.6500000000000	30.2455533851883	102.722356830226	0.478400000000000
17.7000000000000	30.4727076681369	102.918318387012	0.478400000000000
17.7500000000000	30.7013605094564	103.112454108756	0.478400000000000
17.8000000000000	30.9378561008960	103.297034268117	0.478400000000000
17.8500000000000	31.1743516923355	103.481614427478	0.478400000000000
17.9000000000000	31.4156087182912	103.659775158038	0.478400000000000
17.9500000000000	31.6608759364687	103.832529294566	0.478400000000000
18	31.9061431546463	104.005283431094	0.478400000000000
18.0500000000000	32.1589794419181	104.166710852829	0.478400000000000
18.1000000000000	32.4124274755719	104.327222828198	0.478400000000000
18.1500000000000	32.6682042946808	104.483849911655	0.478400000000000
18.2000000000000	32.9292226262142	104.631733077037	0.478400000000000
18.2500000000000	33.1902409577476	104.779616242420	0.478400000000000
18.3000000000000	33.4560491002648	104.918539459978	0.478400000000000
18.3500000000000	33.7240089763901	105.053437587419	0.478400000000000
18.4000000000000	33.9924248168324	105.187371799445	0.478400000000000
18.4500000000000	34.2666807631413	105.308959939961	0.478400000000000
18.5000000000000	34.5409367094503	105.430548080477	0.478400000000000
18.5500000000000	34.8177557618401	105.545949361677	0.478400000000000
18.6000000000000	35.0976471376531	105.653934628012	0.478400000000000
18.6500000000000	35.3775385134662	105.761919894347	0.478400000000000
18.7000000000000	35.6615835145736	105.858298790936	0.478400000000000
18.7500000000000	35.9464361043223	105.952421063079	0.478400000000000
18.8000000000000	36.2322275761358	106.043448963625	0.478400000000000
18.8500000000000	36.5213552134453	106.123481515401	0.478400000000000
18.9000000000000	36.8104828507549	106.203514067177	0.478400000000000
18.9500000000000	37.1017648618690	106.274948283845	0.478400000000000
19	37.3944710824280	106.340698329062	0.478400000000000
19.0500000000000	37.6871773029870	106.406448374279	0.478400000000000
19.1000000000000	37.9827122478803	106.457982546467	0.478400000000000
19.1500000000000	38.2782919671170	106.509291703310	0.478400000000000
19.2000000000000	38.5746645600296	106.555258349207	0.478400000000000
19.2500000000000	38.8724057715528	106.592003021756	0.478400000000000
19.3000000000000	39.1701469830760	106.628747694304	0.478400000000000
19.3500000000000	39.4689702735040	106.654514088821	0.478400000000000
19.4000000000000	39.7681557642179	106.676605764771	0.478400000000000
19.4500000000000	40.0674364911491	106.696761856032	0.478400000000000
19.5000000000000	40.3673455689098	106.704147319912	0.478400000000000
19.5500000000000	40.6672546466705	106.711532783792	0.478400000000000
19.6000000000000	40.9672144586523	106.715134111421	0.478400000000000
19.6500000000000	41.2672144577343	106.715157581106	0.478400000000000
19.7000000000000	41.5672144568163	106.715181050792	0.478400000000000
19.7500000000000	41.8672144558982	106.715204520477	0.478400000000000
19.8000000000000	42.1672144549802	106.715227990163	0.478400000000000
19.8500000000000	42.4672144540621	106.715251459848	0.478400000000000
19.9000000000000	42.7672144531441	106.715274929534	0.478400000000000
19.9500000000000	43.0672144522260	106.715298399219	0.478400000000000
20	43.3672144513080	106.715321868905	0.478400000000000
20.0500000000000	43.6672144503899	106.715345338590	0.478400000000000
20.1000000000000	43.9672144494719	106.715368808276	0.478400000000000
20.1500000000000	44.2672144485539	106.715392277961	0.478400000000000
20.2000000000000	44.5672144476358	106.715415747647	0.478400000000000
20.2500000000000	44.8672144467178	106.715439217332	0.478400000000000
20.3000000000000	45.1672144457997	106.715462687018	0.478400000000000
20.3500000000000	45.4672144448817	106.715486156703	0.478400000000000
20.4000000000000	45.7672144439637	106.715509626389	0.478400000000000
20.4500000000000	46.0672144430456	106.715533096075	0.478400000000000
20.5000000000000	46.3672144421276	106.715556565760	0.478400000000000
20.5500000000000	46.6672144412095	106.715580035446	0.478400000000000
20.6000000000000	46.9672144402915	106.715603505131	0.478400000000000
20.6500000000000	47.2672144393734	106.715626974817	0.478400000000000
20.7000000000000	47.5672144384554	106.715650444502	0.478400000000000
20.7500000000000	47.8672144375373	106.715673914188	0.478400000000000
20.8000000000000	48.1672144366193	106.715697383873	0.478400000000000
20.8500000000000	48.4672144357012	106.715720853559	0.478400000000000
20.9000000000000	48.7672144347832	106.715744323244	0.478400000000000
20.9500000000000	49.0672144338652	106.715767792930	0.478400000000000
21	49.3672144329471	106.715791262615	0.478400000000000
21.0500000000000	49.6672144320291	106.715814732301	0.478400000000000
21.1000000000000	49.9672144311110	106.715838201986	0.478400000000000
21.1500000000000	50.2672144301930	106.715861671672	0.478400000000000
21.2000000000000	50.5672144292750	106.715885141357	0.478400000000000
21.2500000000000	50.8672144283569	106.715908611043	0.478400000000000
21.3000000000000	51.1672144274389	106.715932080728	0.478400000000000
21.3500000000000	51.4672144265208	106.715955550414	0.478400000000000
21.4000000000000	51.7672144256028	106.715979020100	0.478400000000000
21.4500000000000	52.0672144246847	106.716002489785	0.478400000000000
21.5000000000000	52.3672144237667	106.716025959471	0.478400000000000
21.5500000000000	52.6672144228486	106.716049429156	0.478400000000000
21.6000000000000	52.9672144219306	106.716072898842	0.478400000000000
21.6500000000000	53.2672144210126	106.716096368527	0.478400000000000
21.7000000000000	53.5672144200945	106.716119838213	0.478400000000000
21.7500000000000	53.8672144191765	106.716143307898	0.478400000000000
21.8000000000000	54.1672144182584	106.716166777584	0.478400000000000
21.8500000000000	54.4672144173404	106.716190247269	0.478400000000000
21.9000000000000	54.7672144164224	106.716213716955	0.478400000000000
21.9500000000000	55.0672144155043	106.716237186640	0.478400000000000
22	55.3672144145862	106.716260656326	0.478400000000000
22.0500000000000	55.6672144136682	106.716284126011	0.478400000000000
22.1000000000000	55.9672144127502	106.716307595697	0.478400000000000
22.1500000000000	56.2672144118321	106.716331065382	0.478400000000000
22.2000000000000	56.5672144109141	106.716354535068	0.478400000000000
22.2500000000000	56.8672144099960	106.716378004753	0.478400000000000
22.3000000000000	57.1672144090780	106.716401474439	0.478400000000000
22.3500000000000	57.4672144081599	106.716424944124	0.478400000000000
22.4000000000000	57.7672144072419	106.716448413810	0.478400000000000
22.4500000000000	58.0672144063239	106.716471883496	0.478400000000000
22.5000000000000	58.3672144054058	106.716495353181	0.478400000000000
22.5500000000000	58.6672144044878	106.716518822867	0.478400000000000
22.6000000000000	58.9672144035697	106.716542292552	0.478400000000000
22.6500000000000	59.2672144026517	106.716565762238	0.478400000000000
22.7000000000000	59.5672144017337	106.716589231923	0.478400000000000
22.7500000000000	59.8672144008156	106.716612701609	0.478400000000000
22.8000000000000	60.1672143998975	106.716636171294	0.478400000000000
22.8500000000000	60.4672143989795	106.716659640980	0.478400000000000
22.9000000000000	60.7672143980615	106.716683110665	0.478400000000000
22.9500000000000	61.0672143971434	106.716706580351	0.478400000000000
23	61.3672143962254	106.716730050036	0.478400000000000
23.0500000000000	61.6672143953073	106.716753519722	0.478400000000000
23.1000000000000	61.9672143943893	106.716776989407	0.478400000000000
23.1500000000000	62.2672143934713	106.716800459093	0.478400000000000
23.2000000000000	62.5672143925532	106.716823928778	0.478400000000000
23.2500000000000	62.8672143916351	106.716847398464	0.478400000000000
23.3000000000000	63.1672143907171	106.716870868149	0.478400000000000
23.3500000000000	63.4672143897991	106.716894337835	0.478400000000000
23.4000000000000	63.7671958274688	106.714148541321	0.478400000000000
23.4500000000000	64.0669603738170	106.702735359561	0.478400000000000
23.5000000000000	64.3662017972162	106.681777502215	0.478400000000000
23.5500000000000	64.6644410671408	106.649635450797	0.478400000000000
23.6000000000000	64.9606448435976	106.602332795950	0.478400000000000
23.6500000000000	65.2541240752807	106.540430997407	0.478400000000000
23.7000000000000	65.5429045166444	106.459525493839	0.478400000000000
23.7500000000000	65.8247927361938	106.357234640961	0.478400000000000
23.8000000000000	66.0979615257313	106.233526193975	0.478400000000000
23.8500000000000	66.3571660522312	106.082853773546	0.478400000000000
23.9000000000000	66.6004926724722	105.907746291213	0.478400000000000
23.9500000000000	66.8246281960879	105.708697423380	0.478400000000000
24	67.0211107471642	105.482254907689	0.478400000000000
24.0500000000000	67.1945127423911	105.237700752960	0.478400000000000
24.1000000000000	67.3417598909297	104.976555990638	0.478400000000000
24.1500000000000	67.4639043512450	104.702700354096	0.478400000000000
24.2000000000000	67.5646733313085	104.420250064416	0.478400000000000
24.2500000000000	67.6429273903644	104.130722424377	0.478400000000000
24.3000000000000	67.7037146903302	103.837012524859	0.478400000000000
24.3500000000000	67.7495437158655	103.540581035127	0.478400000000000
24.4000000000000	67.7804430129694	103.242205352593	0.478400000000000
24.4500000000000	67.8007102144218	102.942915426986	0.478400000000000
24.5000000000000	67.8109422107745	102.643109249033	0.478400000000000
24.5500000000000	67.8133506922035	102.343125607175	0.478400000000000
24.6000000000000	67.8133741618891	102.043125608093	0.478400000000000
24.6500000000000	67.8133976315746	101.743125609011	0.478400000000000
24.7000000000000	67.8134211012601	101.443125609929	0.478400000000000
24.7500000000000	67.8134445709456	101.143125610847	0.478400000000000
24.8000000000000	67.8134680406312	100.843125611765	0.478400000000000
24.8500000000000	67.8134915103167	100.543125612683	0.478400000000000
24.9000000000000	67.8135149800022	100.243125613601	0.478400000000000
24.9500000000000	67.8135384496877	99.9431256145190	0.478400000000000
25	67.8135619193733	99.6431256154371	0.478400000000000
25.0500000000000	67.8135853890588	99.3431256163551	0.478400000000000
25.1000000000000	67.8136088587443	99.0431256172732	0.478400000000000
25.1500000000000	67.8136323284298	98.7431256181912	0.478400000000000
25.2000000000000	67.8136557981154	98.4431256191092	0.478400000000000
25.2500000000000	67.8136792678009	98.1431256200273	0.478400000000000
25.3000000000000	67.8137027374864	97.8431256209453	0.478400000000000
25.3500000000000	67.8137262071719	97.5431256218634	0.478400000000000
25.4000000000000	67.8137496768575	97.2431256227814	0.478400000000000
25.4500000000000	67.8137731465430	96.9431256236994	0.478400000000000
25.5000000000000	67.8137966162285	96.6431256246175	0.478400000000000
25.5500000000000	67.8138200859140	96.3431256255356	0.478400000000000
25.6000000000000	67.8138435555995	96.0431256264536	0.478400000000000
25.6500000000000	67.8138670252851	95.7431256273716	0.478400000000000
25.7000000000000	67.8138904949706	95.4431256282897	0.478400000000000
25.7500000000000	67.8139139646561	95.1431256292077	0.478400000000000
25.8000000000000	67.8139374343417	94.8431256301258	0.478400000000000
25.8500000000000	67.8139609040272	94.5431256310438	0.478400000000000
25.9000000000000	67.8139843737127	94.2431256319619	0.478400000000000
25.9500000000000	67.8140078433982	93.9431256328799	0.478400000000000
26	67.8140313130838	93.6431256337980	0.478400000000000
26.0500000000000	67.8140547827693	93.3431256347160	0.478400000000000
26.1000000000000	67.8140782524548	93.0431256356340	0.478400000000000
26.1500000000000	67.8141017221403	92.7431256365520	0.478400000000000
26.2000000000000	67.8141251918259	92.4431256374701	0.478400000000000
26.2500000000000	67.8141486615114	92.1431256383881	0.478400000000000
26.3000000000000	67.8141721311969	91.8431256393062	0.478400000000000
26.3500000000000	67.8141956008824	91.5431256402243	0.478400000000000
26.4000000000000	67.8142190705679	91.2431256411423	0.478400000000000
26.4500000000000	67.8142425402535	90.9431256420603	0.478400000000000
26.5000000000000	67.8142660099390	90.6431256429784	0.478400000000000
26.5500000000000	67.8142894796245	90.3431256438964	0.478400000000000
26.6000000000000	67.8143129493100	90.0431256448144	0.478400000000000
26.6500000000000	67.8143364189956	89.7431256457325	0.478400000000000
26.7000000000000	67.8143598886811	89.4431256466505	0.478400000000000
26.7500000000000	67.8143833583666	89.1431256475686	0.478400000000000
26.8000000000000	67.8144068280521	88.8431256484866	0.478400000000000
26.8500000000000	67.8144302977377	88.5431256494047	0.478400000000000
26.9000000000000	67.8144537674232	88.2431256503227	0.478400000000000
26.9500000000000	67.8144772371087	87.9431256512407	0.478400000000000
27	67.8145007067943	87.6431256521588	0.478400000000000
27.0500000000000	67.8145241764798	87.3431256530768	0.478400000000000
27.1000000000000	67.8145476461653	87.0431256539949	0.478400000000000
27.1500000000000	67.8145711158508	86.7431256549129	0.478400000000000
27.2000000000000	67.8145945855363	86.4431256558310	0.478400000000000
27.2500000000000	67.8146180552219	86.1431256567490	0.478400000000000
27.3000000000000	67.8146415249074	85.8431256576671	0.478400000000000
27.3500000000000	67.8146649945929	85.5431256585851	0.478400000000000
27.4000000000000	67.8146884642784	85.2431256595031	0.478400000000000
27.4500000000000	67.8147119339640	84.9431256604212	0.478400000000000
27.5000000000000	67.8147354036495	84.6431256613392	0.478400000000000
27.5500000000000	67.8147588733350	84.3431256622573	0.478400000000000
27.6000000000000	67.8147823430205	84.0431256631753	0.478400000000000
27.6500000000000	67.8148058127061	83.7431256640933	0.478400000000000
27.7000000000000	67.8148292823916	83.4431256650114	0.478400000000000
27.7500000000000	67.8148527520771	83.1431256659294	0.478400000000000
27.8000000000000	67.8148762217627	82.8431256668475	0.478400000000000
27.8500000000000	67.8148996914482	82.5431256677655	0.478400000000000
27.9000000000000	67.8149231611337	82.2431256686836	0.478400000000000
27.9500000000000	67.8149466308192	81.9431256696016	0.478400000000000
28	67.8149701005047	81.6431256705197	0.478400000000000
28.0500000000000	67.8149935701903	81.3431256714377	0.478400000000000
28.1000000000000	67.8150170398758	81.0431256723557	0.478400000000000
28.1500000000000	67.8150405095613	80.7431256732738	0.478400000000000
28.2000000000000	67.8150639792468	80.4431256741918	0.478400000000000
28.2500000000000	67.8150874489324	80.1431256751099	0.478400000000000
28.3000000000000	67.8151109186179	79.8431256760279	0.478400000000000
28.3500000000000	67.8151343883034	79.5431256769460	0.478400000000000
28.4000000000000	67.8151578579889	79.2431256778640	0.478400000000000
28.4500000000000	67.8151813276745	78.9431256787820	0.478400000000000
28.5000000000000	67.8152047973600	78.6431256797001	0.478400000000000
28.5500000000000	67.8152282670455	78.3431256806181	0.478400000000000
28.6000000000000	67.8152517367311	78.0431256815362	0.478400000000000
28.6500000000000	67.8152752064166	77.7431256824542	0.478400000000000
28.7000000000000	67.8152986761021	77.4431256833723	0.478400000000000
28.7500000000000	67.8153221457876	77.1431256842903	0.478400000000000
28.8000000000000	67.8153456154732	76.8431256852084	0.478400000000000
28.8500000000000	67.8153690851587	76.5431256861264	0.478400000000000
28.9000000000000	67.8153925548442	76.2431256870444	0.478400000000000
28.9500000000000	67.8154160245297	75.9431256879624	0.478400000000000
29	67.8154394942152	75.6431256888805	0.478400000000000
29.0500000000000	67.8154629639008	75.3431256897986	0.478400000000000
29.1000000000000	67.8154864335863	75.0431256907166	0.478400000000000
29.1500000000000	67.8155099032718	74.7431256916347	0.478400000000000
29.2000000000000	67.8155333729573	74.4431256925527	0.478400000000000
29.2500000000000	67.8155568426429	74.1431256934708	0.478400000000000
29.3000000000000	67.8155803123284	73.8431256943888	0.478400000000000
29.3500000000000	67.8156037820139	73.5431256953068	0.478400000000000
29.4000000000000	67.8156272516995	73.2431256962249	0.478400000000000
29.4500000000000	67.8156507213850	72.9431256971429	0.478400000000000
29.5000000000000	67.8156741910705	72.6431256980610	0.478400000000000
29.5500000000000	67.8156976607560	72.3431256989790	0.478400000000000
29.6000000000000	67.8157211304416	72.0431256998971	0.478400000000000
29.6500000000000	67.8157446001271	71.7431257008151	0.478400000000000
29.7000000000000	67.8157680698126	71.4431257017331	0.478400000000000
29.7500000000000	67.8157915394981	71.1431257026512	0.478400000000000
29.8000000000000	67.8158150091836	70.8431257035693	0.478400000000000
29.8500000000000	67.8158384788692	70.5431257044873	0.478400000000000
29.9000000000000	67.8158619485547	70.2431257054053	0.478400000000000
29.9500000000000	67.8158854182402	69.9431257063233	0.478400000000000
30	67.8159088879257	69.6431257072414	0.478400000000000
30.0500000000000	67.8159323576113	69.3431257081595	0.478400000000000
30.1000000000000	67.8159558272968	69.0431257090775	0.478400000000000
30.1500000000000	67.8159792969823	68.7431257099955	0.478400000000000
30.2000000000000	67.8160027666678	68.4431257109136	0.478400000000000
30.2500000000000	67.8160262363534	68.1431257118316	0.478400000000000
30.3000000000000	67.8160497060389	67.8431257127497	0.478400000000000
30.3500000000000	67.8160731757244	67.5431257136677	0.478400000000000
30.4000000000000	67.8160966454099	67.2431257145857	0.478400000000000
30.4500000000000	67.8161201150955	66.9431257155038	0.478400000000000
30.5000000000000	67.8161435847810	66.6431257164219	0.478400000000000
30.5500000000000	67.8161670544665	66.3431257173399	0.478400000000000
30.6000000000000	67.8161905241521	66.0431257182579	0.478400000000000
30.6500000000000	67.8162139938376	65.7431257191759	0.478400000000000
30.7000000000000	67.8162374635231	65.4431257200940	0.478400000000000
30.7500000000000	67.8162609332086	65.1431257210121	0.478400000000000
30.8000000000000	67.8162844028941	64.8431257219301	0.478400000000000
30.8500000000000	67.8163078725797	64.5431257228482	0.478400000000000
30.9000000000000	67.8163313422652	64.2431257237662	0.478400000000000
30.9500000000000	67.8163548119507	63.9431257246842	0.478400000000000
31	67.8163782816362	63.6431257256023	0.478400000000000
31.0500000000000	67.8164017513218	63.3431257265203	0.478400000000000
31.1000000000000	67.8164252210073	63.0431257274384	0.478400000000000
31.1500000000000	67.8164486906928	62.7431257283564	0.478400000000000
31.2000000000000	67.8164721603783	62.4431257292744	0.478400000000000
31.2500000000000	67.8164956300639	62.1431257301925	0.478400000000000
31.3000000000000	67.8165190997494	61.8431257311106	0.478400000000000
31.3500000000000	67.8165425694349	61.5431257320286	0.478400000000000
31.4000000000000	67.8165660391204	61.2431257329466	0.478400000000000
31.4500000000000	67.8165895088060	60.9431257338647	0.478400000000000
31.5000000000000	67.8166129784915	60.6431257347827	0.478400000000000
31.5500000000000	67.8166364481770	60.3431257357008	0.478400000000000
31.6000000000000	67.8166599178625	60.0431257366188	0.478400000000000
31.6500000000000	67.8166833875481	59.7431257375368	0.478400000000000
31.7000000000000	67.8167068572336	59.4431257384549	0.478400000000000
31.7500000000000	67.8167303269191	59.1431257393729	0.478400000000000
31.8000000000000	67.8167537966046	58.8431257402910	0.478400000000000
31.8500000000000	67.8167772662902	58.5431257412090	0.478400000000000
31.9000000000000	67.8168007359757	58.2431257421270	0.478400000000000
31.9500000000000	67.8168242056612	57.9431257430451	0.478400000000000
32	67.8168476753467	57.6431257439632	0.478400000000000
32.0500000000000	67.8168711450323	57.3431257448812	0.478400000000000
32.1000000000000	67.8168946147178	57.0431257457992	0.478400000000000
32.1500000000000	67.8169180844033	56.7431257467173	0.478400000000000
32.2000000000000	67.8169415540888	56.4431257476353	0.478400000000000
32.2500000000000	67.8169650237743	56.1431257485534	0.478400000000000
32.3000000000000	67.8169884934599	55.8431257494714	0.478400000000000
32.3500000000000	67.8170119631454	55.5431257503895	0.478400000000000
32.4000000000000	67.8170354328309	55.2431257513075	0.478400000000000
32.4500000000000	67.8170589025165	54.9431257522256	0.478400000000000
32.5000000000000	67.8170823722020	54.6431257531436	0.478400000000000
32.5500000000000	67.8171058418875	54.3431257540616	0.478400000000000
32.6000000000000	67.8171293115730	54.0431257549797	0.478400000000000
32.6500000000000	67.8171527812585	53.7431257558977	0.478400000000000
32.7000000000000	67.8171762509441	53.4431257568158	0.478400000000000
32.7500000000000	67.8171997206296	53.1431257577338	0.478400000000000
32.8000000000000	67.8172231903151	52.8431257586518	0.478400000000000
32.8500000000000	67.8172466600007	52.5431257595699	0.478400000000000
32.9000000000000	67.8172701296862	52.2431257604879	0.478400000000000
32.9500000000000	67.8172935993717	51.9431257614060	0.478400000000000
33	67.8173170690572	51.6431257623240	0.478400000000000
33.0500000000000	67.8173405387427	51.3431257632420	0.478400000000000
33.1000000000000	67.8173640084283	51.0431257641601	0.478400000000000
33.1500000000000	67.8173874781138	50.7431257650782	0.478400000000000
33.2000000000000	67.8174109477993	50.4431257659962	0.478400000000000
33.2500000000000	67.8174344174848	50.1431257669142	0.478400000000000
33.3000000000000	67.8174578871704	49.8431257678323	0.478400000000000
33.3500000000000	67.8174813568559	49.5431257687503	0.478400000000000
33.4000000000000	67.8175048265414	49.2431257696684	0.478400000000000
33.4500000000000	67.8175282962270	48.9431257705864	0.478400000000000
33.5000000000000	67.8175517659125	48.6431257715045	0.478400000000000
33.5500000000000	67.8175752355980	48.3431257724225	0.478400000000000
33.6000000000000	67.8175987052835	48.0431257733406	0.478400000000000
33.6500000000000	67.8176221749691	47.7431257742586	0.478400000000000
33.7000000000000	67.8176456446546	47.4431257751766	0.478400000000000
33.7500000000000	67.8176691143401	47.1431257760947	0.478400000000000
33.8000000000000	67.8176925840256	46.8431257770127	0.478400000000000
33.8500000000000	67.8177160537111	46.5431257779308	0.478400000000000
33.9000000000000	67.8177395233967	46.2431257788488	0.478400000000000
33.9500000000000	67.8177629930822	45.9431257797669	0.478400000000000
34	67.8177864627677	45.6431257806849	0.478400000000000
34.0500000000000	67.8178099324532	45.3431257816029	0.478400000000000
34.1000000000000	67.8178334021388	45.0431257825210	0.478400000000000
34.1500000000000	67.8178568718243	44.7431257834390	0.478400000000000
34.2000000000000	67.8178803415098	44.4431257843571	0.478400000000000
34.2500000000000	67.8179038111954	44.1431257852751	0.478400000000000
34.3000000000000	67.8179272808809	43.8431257861931	0.478400000000000
34.3500000000000	67.8179507505664	43.5431257871112	0.478400000000000
34.4000000000000	67.8179742202519	43.2431257880292	0.478400000000000
34.4500000000000	67.8179976899374	42.9431257889473	0.478400000000000
34.5000000000000	67.8180211596230	42.6431257898653	0.478400000000000
34.5500000000000	67.8180446293085	42.3431257907833	0.478400000000000
34.6000000000000	67.8180680989940	42.0431257917014	0.478400000000000
34.6500000000000	67.8180915686795	41.7431257926195	0.478400000000000
34.7000000000000	67.8181150383651	41.4431257935375	0.478400000000000
34.7500000000000	67.8181385080506	41.1431257944555	0.478400000000000
34.8000000000000	67.8181619777361	40.8431257953736	0.478400000000000
34.8500000000000	67.8181854474216	40.5431257962916	0.478400000000000
34.9000000000000	67.8182089171072	40.2431257972097	0.478400000000000
34.9500000000000	67.8182323867927	39.9431257981277	0.478400000000000
35	67.8182558564782	39.6431257990458	0.478400000000000
35.0500000000000	67.8182793261637	39.3431257999638	0.478400000000000
35.1000000000000	67.8183027958493	39.0431258008819	0.478400000000000
35.1500000000000	67.8183262655348	38.7431258017999	0.478400000000000
35.2000000000000	67.8183497352203	38.4431258027179	0.478400000000000
35.2500000000000	67.8183732049058	38.1431258036360	0.478400000000000
35.3000000000000	67.8183966745914	37.8431258045540	0.478400000000000
35.3500000000000	67.8184201442769	37.5431258054721	0.478400000000000
35.4000000000000	67.8184436139624	37.2431258063901	0.478400000000000
35.4500000000000	67.8184670836480	36.9431258073082	0.478400000000000
35.5000000000000	67.8184905533335	36.6431258082262	0.478400000000000
35.5500000000000	67.8185140230190	36.3431258091442	0.478400000000000
35.6000000000000	67.8185374927045	36.0431258100623	0.478400000000000
35.6500000000000	67.8185609623900	35.7431258109803	0.478400000000000
35.7000000000000	67.8185844320756	35.4431258118984	0.478400000000000
35.7500000000000	67.8186079017611	35.1431258128164	0.478400000000000
35.8000000000000	67.8186313714466	34.8431258137344	0.478400000000000
35.8500000000000	67.8186548411321	34.5431258146525	0.478400000000000
35.9000000000000	67.8186783108177	34.2431258155706	0.478400000000000
35.9500000000000	67.8187017805032	33.9431258164886	0.478400000000000
36	67.8187252501887	33.6431258174066	0.478400000000000
36.0500000000000	67.8187487198743	33.3431258183246	0.478400000000000
36.1000000000000	67.8187721895598	33.0431258192427	0.478400000000000
36.1500000000000	67.8187956592453	32.7431258201608	0.478400000000000
36.2000000000000	67.8188191289308	32.4431258210788	0.478400000000000
36.2500000000000	67.8188425986163	32.1431258219969	0.478400000000000
36.3000000000000	67.8188660683019	31.8431258229149	0.478400000000000
36.3500000000000	67.8188895379874	31.5431258238329	0.478400000000000
36.4000000000000	67.8189130076729	31.2431258247510	0.478400000000000
36.4500000000000	67.8189364773584	30.9431258256690	0.478400000000000
36.5000000000000	67.8189599470440	30.6431258265871	0.478400000000000
36.5500000000000	67.8189834167295	30.3431258275051	0.478400000000000
36.6000000000000	67.8190068864150	30.0431258284232	0.478400000000000
36.6500000000000	67.8190303561005	29.7431258293412	0.478400000000000
36.7000000000000	67.8190538257861	29.4431258302593	0.478400000000000
36.7500000000000	67.8190772954716	29.1431258311773	0.478400000000000
36.8000000000000	67.8191007651571	28.8431258320953	0.478400000000000
36.8500000000000	67.8191242348426	28.5431258330134	0.478400000000000
36.9000000000000	67.8191477045282	28.2431258339314	0.478400000000000
36.9500000000000	67.8191711742137	27.9431258348495	0.478400000000000
37	67.8191946438992	27.6431258357675	0.478400000000000
37.0500000000000	67.8192181135847	27.3431258366855	0.478400000000000
37.1000000000000	67.8192415832703	27.0431258376036	0.478400000000000
37.1500000000000	67.8192650529558	26.7431258385216	0.478400000000000
37.2000000000000	67.8192885226413	26.4431258394397	0.478400000000000
37.2500000000000	67.8193119923268	26.1431258403577	0.478400000000000
37.3000000000000	67.8193354620124	25.8431258412757	0.478400000000000
37.3500000000000	67.8226362283396	25.5431569471138	0.478400000000000
37.4000000000000	67.8283068677999	25.2432105454882	0.478400000000000
37.4500000000000	67.8339775072602	24.9432641438627	0.478400000000000
37.5000000000000	67.8396481467204	24.6433177422372	0.478400000000000
37.5500000000000	67.8453187861807	24.3433713406116	0.478400000000000
37.6000000000000	67.8509894256410	24.0434249389861	0.478400000000000
37.6500000000000	67.8566600651013	23.7434785373605	0.478400000000000
37.7000000000000	67.8626317846830	23.4435381049311	0.478400000000000
37.7500000000000	67.8688543663164	23.1436026460773	0.478400000000000
37.8000000000000	67.8750769479498	22.8436671872235	0.478400000000000
37.8500000000000	67.8812995295831	22.5437317283698	0.478400000000000
37.9000000000000	67.8875221112165	22.2437962695160	0.478400000000000
37.9500000000000	67.8937446928499	21.9438608106623	0.478400000000000
38	67.8999672744832	21.6439253518085	0.478400000000000
38.0500000000000	67.9029200888507	21.3439441632636	0.478400000000000
38.1000000000000	67.9054390929591	21.0439547390862	0.478400000000000
38.1500000000000	67.9079580970675	20.7439653149088	0.478400000000000
38.2000000000000	67.9104771011758	20.4439758907313	0.478400000000000
38.2500000000000	67.9129961052842	20.1439864665539	0.478400000000000
38.3000000000000	67.9155151093926	19.8439970423764	0.478400000000000
38.3500000000000	67.9180341135010	19.5440076181991	0.478400000000000
38.4000000000000	67.9205531176094	19.2440181940216	0.478400000000000
38.4500000000000	67.9230721217178	18.9440287698442	0.478400000000000
38.5000000000000	67.9255911258261	18.6440393456668	0.478400000000000
38.5500000000000	67.9281101299345	18.3440499214893	0.478400000000000
38.6000000000000	67.9306291340429	18.0440604973120	0.478400000000000
38.6500000000000	67.9331481381513	17.7440710731345	0.478400000000000
38.7000000000000	67.9356671422597	17.4440816489571	0.478400000000000
38.7500000000000	67.9381861463681	17.1440922247797	0.478400000000000
38.8000000000000	67.9407051504765	16.8441028006022	0.478400000000000
38.8500000000000	67.9432241545849	16.5441133764248	0.478400000000000
38.9000000000000	67.9457431586932	16.2441239522474	0.478400000000000
38.9500000000000	67.9482621628016	15.9441345280700	0.478400000000000
39	67.9507811669100	15.6441451038926	0.478400000000000
39.0500000000000	67.9533001710184	15.3441556797151	0.478400000000000
39.1000000000000	67.9558191751268	15.0441662555377	0.478400000000000
39.1500000000000	67.9583381792352	14.7441768313603	0.478400000000000
39.2000000000000	67.9608571833436	14.4441874071829	0.478400000000000
39.2500000000000	67.9633761874519	14.1441979830055	0.478400000000000
39.3000000000000	67.9658951915603	13.8442085588280	0.478400000000000
39.3500000000000	67.9684141956687	13.5442191346506	0.478400000000000
39.4000000000000	67.9709331997771	13.2442297104732	0.478400000000000
39.4500000000000	67.9734522038855	12.9442402862958	0.478400000000000
39.5000000000000	67.9759712079939	12.6442508621184	0.478400000000000
39.5500000000000	67.9784902121022	12.3442614379409	0.478400000000000
39.6000000000000	67.9810092162106	12.0442720137635	0.478400000000000
39.6500000000000	67.9835282203190	11.7442825895860	0.478400000000000
39.7000000000000	67.9860472244274	11.4442931654087	0.478400000000000
39.7500000000000	67.9885662285358	11.1443037412312	0.478400000000000
39.8000000000000	67.9910852326442	10.8443143170538	0.478400000000000
39.8500000000000	67.9936042367526	10.5443248928764	0.478400000000000
39.9000000000000	67.9961232408609	10.2443354686989	0.478400000000000
39.9500000000000	67.9986422449693	9.94434604452155	0.478400000000000
40	67.9982484293598	9.64435191322135	0.478400000000000
40.0500000000000	67.9888701303351	9.34451513623096	0.478400000000000
40.1000000000000	67.9701264767335	9.04512674425738	0.478400000000000
40.1500000000000	67.9397951828814	8.74670223930033	0.478400000000000
40.2000000000000	67.8945781610678	8.45017524705101	0.478400000000000
40.2500000000000	67.8346854928289	8.15627737064851	0.478400000000000
40.3000000000000	67.7551750156772	7.86710928837921	0.478400000000000
40.3500000000000	67.6546455298092	7.58459099196109	0.478400000000000
40.4000000000000	67.5326110016673	7.31066142591573	0.478400000000000
40.4500000000000	67.3827986671133	7.05093535588772	0.478400000000000
40.5000000000000	67.2090658005109	6.80662397864457	0.478400000000000
40.5500000000000	67.0105625446813	6.58204638646918	0.478400000000000
40.6000000000000	66.7852267251278	6.38431133331581	0.478400000000000
40.6500000000000	66.5416490794035	6.20952869122707	0.478400000000000
40.7000000000000	66.2809936206552	6.06140330084785	0.478400000000000
40.7500000000000	66.0078945920176	5.93758328320828	0.478400000000000
40.8000000000000	65.7260714151503	5.83505166247349	0.478400000000000
40.8500000000000	65.4369124478974	5.75539709861635	0.478400000000000
40.9000000000000	65.1436249520126	5.69260151294672	0.478400000000000
40.9500000000000	64.8474686534770	5.64504598482000	0.478400000000000
41	64.5493271507670	5.61197679688217	0.478400000000000
41.0500000000000	64.2501945297516	5.58949607992186	0.478400000000000
41.1000000000000	63.9504637930547	5.57722935181944	0.478400000000000
41.1500000000000	63.6505083876773	5.57246901670131	0.478400000000000
41.2000000000000	63.3505189635000	5.56995001259293	0.478400000000000
41.2500000000000	63.0505295393226	5.56743100848454	0.478400000000000
41.3000000000000	62.7505401151451	5.56491200437615	0.478400000000000
41.3500000000000	62.4505506909677	5.56239300026777	0.478400000000000
41.4000000000000	62.1505612667902	5.55987399615938	0.478400000000000
41.4500000000000	61.8505718426129	5.55735499205100	0.478400000000000
41.5000000000000	61.5505824184354	5.55483598794261	0.478400000000000
41.5500000000000	61.2505929942580	5.55231698383423	0.478400000000000
41.6000000000000	60.9506035700806	5.54979797972584	0.478400000000000
41.6500000000000	60.6506141459031	5.54727897561746	0.478400000000000
41.7000000000000	60.3506247217257	5.54475997150907	0.478400000000000
41.7500000000000	60.0506352975483	5.54224096740068	0.478400000000000
41.8000000000000	59.7506458733709	5.53972196329230	0.478400000000000
41.8500000000000	59.4506564491935	5.53720295918391	0.478400000000000
41.9000000000000	59.1506670250160	5.53468395507553	0.478400000000000
41.9500000000000	58.8506776008386	5.53216495096714	0.478400000000000
42	58.5506881766612	5.52964594685876	0.478400000000000
42.0500000000000	58.2506987524837	5.52712694275037	0.478400000000000
42.1000000000000	57.9507093283064	5.52460793864199	0.478400000000000
42.1500000000000	57.6507199041289	5.52208893453360	0.478400000000000
42.2000000000000	57.3507304799515	5.51956993042521	0.478400000000000
42.2500000000000	57.0507410557741	5.51705092631683	0.478400000000000
42.3000000000000	56.7507516315966	5.51453192220844	0.478400000000000
42.3500000000000	56.4507622074192	5.51201291810006	0.478400000000000
42.4000000000000	56.1507727832418	5.50949391399167	0.478400000000000
42.4500000000000	55.8507833590644	5.50697490988329	0.478400000000000
42.5000000000000	55.5507939348870	5.50445590577490	0.478400000000000
42.5500000000000	55.2508045107095	5.50193690166652	0.478400000000000
42.6000000000000	54.9508150865321	5.49941789755813	0.478400000000000
42.6500000000000	54.6508256623547	5.49689889344974	0.478400000000000
42.7000000000000	54.3508362381773	5.49437988934136	0.478400000000000
42.7500000000000	54.0508468139999	5.49186088523297	0.478400000000000
42.8000000000000	53.7508573898224	5.48934188112459	0.478400000000000
42.8500000000000	53.4508679656450	5.48682287701620	0.478400000000000
42.9000000000000	53.1508785414676	5.48430387290782	0.478400000000000
42.9500000000000	52.8508891172902	5.48178486879943	0.478400000000000
43	52.5508996931127	5.47926586469105	0.478400000000000
43.0500000000000	52.2509102689353	5.47674686058266	0.478400000000000
43.1000000000000	51.9509208447579	5.47422785647427	0.478400000000000
43.1500000000000	51.6509314205804	5.47170885236589	0.478400000000000
43.2000000000000	51.3509419964030	5.46918984825750	0.478400000000000
43.2500000000000	51.0509525722256	5.46667084414912	0.478400000000000
43.3000000000000	50.7509631480482	5.46415184004073	0.478400000000000
43.3500000000000	50.4509737238708	5.46163283593235	0.478400000000000
43.4000000000000	50.1509842996933	5.45911383182396	0.478400000000000
43.4500000000000	49.8509948755159	5.45659482771558	0.478400000000000
43.5000000000000	49.5510054513385	5.45407582360719	0.478400000000000
43.5500000000000	49.2510160271610	5.45155681949880	0.478400000000000
43.6000000000000	48.9510266029837	5.44903781539042	0.478400000000000
43.6500000000000	48.6510371788062	5.44651881128203	0.478400000000000
43.7000000000000	48.3510477546288	5.44399980717365	0.478400000000000
43.7500000000000	48.0510583304514	5.44148080306526	0.478400000000000
43.8000000000000	47.7510689062739	5.43896179895688	0.478400000000000
43.8500000000000	47.4510794820965	5.43644279484849	0.478400000000000
43.9000000000000	47.1510900579191	5.43392379074010	0.478400000000000
43.9500000000000	46.8511006337417	5.43140478663172	0.478400000000000
44	46.5511112095643	5.42888578252333	0.478400000000000
44.0500000000000	46.2511217853868	5.42636677841495	0.478400000000000
44.1000000000000	45.9511323612094	5.42384777430656	0.478400000000000
44.1500000000000	45.6511429370320	5.42132877019818	0.478400000000000
44.2000000000000	45.3511535128546	5.41880976608979	0.478400000000000
44.2500000000000	45.0511640886772	5.41629076198141	0.478400000000000
44.3000000000000	44.7511746644997	5.41377175787302	0.478400000000000
44.3500000000000	44.4511852403223	5.41125275376463	0.478400000000000
44.4000000000000	44.1511958161449	5.40873374965625	0.478400000000000
44.4500000000000	43.8512063919675	5.40621474554786	0.478400000000000
44.5000000000000	43.5512169677900	5.40369574143948	0.478400000000000
44.5500000000000	43.2512275436126	5.40117673733109	0.478400000000000
44.6000000000000	42.9512381194352	5.39865773322271	0.478400000000000
44.6500000000000	42.6512486952577	5.39613872911432	0.478400000000000
44.7000000000000	42.3512592710804	5.39361972500594	0.478400000000000
44.7500000000000	42.0512698469029	5.39110072089755	0.478400000000000
44.8000000000000	41.7512804227255	5.38858171678916	0.478400000000000
44.8500000000000	41.4512909985481	5.38606271268078	0.478400000000000
44.9000000000000	41.1513015743706	5.38354370857239	0.478400000000000
44.9500000000000	40.8513121501932	5.38102470446401	0.478400000000000
45	40.5513227260158	5.37850570035562	0.478400000000000
45.0500000000000	40.2513333018384	5.37598669624724	0.478400000000000
45.1000000000000	39.9513438776610	5.37346769213885	0.478400000000000
45.1500000000000	39.6513544534835	5.37094868803047	0.478400000000000
45.2000000000000	39.3513650293061	5.36842968392208	0.478400000000000
45.2500000000000	39.0513756051287	5.36591067981369	0.478400000000000
45.3000000000000	38.7513861809512	5.36339167570531	0.478400000000000
45.3500000000000	38.4513967567738	5.36087267159692	0.478400000000000
45.4000000000000	38.1514073325964	5.35835366748854	0.478400000000000
45.4500000000000	37.8514179084190	5.35583466338015	0.478400000000000
45.5000000000000	37.5514284842416	5.35331565927177	0.478400000000000
45.5500000000000	37.2514390600641	5.35079665516338	0.478400000000000
45.6000000000000	36.9514496358867	5.34827765105499	0.478400000000000
