0	117.721600000000	5.77100000000000	0.478400000000000
0.0500000000000000	117.421821141062	5.78251675882519	0.478400000000000
0.100000000000000	117.122042282124	5.79403351765039	0.478400000000000
0.150000000000000	116.822263423186	5.80555027647558	0.478400000000000
0.200000000000000	116.522484564248	5.81706703530077	0.478400000000000
0.250000000000000	116.222705705310	5.82858379412597	0.478400000000000
0.300000000000000	115.922926846372	5.84010055295116	0.478400000000000
0.350000000000000	115.623147987434	5.85161731177636	0.478400000000000
0.400000000000000	115.323369128496	5.86313407060155	0.478400000000000
0.450000000000000	115.023590269558	5.87465082942674	0.478400000000000
0.500000000000000	114.723775091692	5.88517504280237	0.478400000000000
0.550000000000000	114.423956230109	5.89559858533914	0.478400000000000
0.600000000000000	114.124137368526	5.90602212787592	0.478400000000000
0.650000000000000	113.824318506943	5.91644567041270	0.478400000000000
0.700000000000000	113.524499645360	5.92686921294948	0.478400000000000
0.750000000000000	113.224680783777	5.93729275548625	0.478400000000000
0.800000000000000	112.924861922194	5.94771629802303	0.478400000000000
0.850000000000000	112.625043060611	5.95813984055981	0.478400000000000
0.900000000000000	112.325224199028	5.96856338309658	0.478400000000000
0.950000000000000	112.025398980249	5.97864205874391	0.478400000000000
1	111.725409556431	5.97612301183802	0.478400000000000
1.05000000000000	111.425420132613	5.97360396493213	0.478400000000000
1.10000000000000	111.125430708795	5.97108491802624	0.478400000000000
1.15000000000000	110.825441284977	5.96856587112035	0.478400000000000
1.20000000000000	110.525451861159	5.96604682421446	0.478400000000000
1.25000000000000	110.225461164176	5.96431555633456	0.478400000000000
1.30000000000000	109.925508607051	5.96870276111052	0.478400000000000
1.35000000000000	109.625801301550	5.98155509968511	0.478400000000000
1.40000000000000	109.326863292440	6.00645573296829	0.478400000000000
1.45000000000000	109.029185683429	6.04336109436606	0.478400000000000
1.50000000000000	108.733723997095	6.09499689391549	0.478400000000000
1.55000000000000	108.442022183144	6.16472512113056	0.478400000000000
1.60000000000000	108.155301618767	6.25268762416074	0.478400000000000
1.65000000000000	107.877070923691	6.36449503310680	0.478400000000000
1.70000000000000	107.609520833910	6.49982579586405	0.478400000000000
1.75000000000000	107.355427252609	6.65898988549613	0.478400000000000
1.80000000000000	107.121476488004	6.84648023573217	0.478400000000000
1.85000000000000	106.909018265539	7.05785100804489	0.478400000000000
1.90000000000000	106.721643608416	7.29183248718617	0.478400000000000
1.95000000000000	106.560722194865	7.54479782791900	0.478400000000000
2	106.423056941221	7.81117055670793	0.478400000000000
2.05000000000000	106.310619135966	8.08915332596400	0.478400000000000
2.10000000000000	106.219576104547	8.37490299713793	0.478400000000000
2.15000000000000	106.146865326262	8.66588257899860	0.478400000000000
2.20000000000000	106.092811239031	8.96093044357815	0.478400000000000
2.25000000000000	106.052145232088	9.25811829183580	0.478400000000000
2.30000000000000	106.024130700984	9.55677512938043	0.478400000000000
2.35000000000000	106.007183995093	9.85627715740136	0.478400000000000
2.40000000000000	105.998497039756	10.1561374102587	0.478400000000000
2.45000000000000	105.995679448334	10.4561223179637	0.478400000000000
2.50000000000000	105.993160401428	10.7561117417817	0.478400000000000
2.55000000000000	105.990641354522	11.0561011655998	0.478400000000000
2.60000000000000	105.988122307617	11.3560905894178	0.478400000000000
2.65000000000000	105.985603260711	11.6560800132359	0.478400000000000
2.70000000000000	105.983084213805	11.9560694370539	0.478400000000000
2.75000000000000	105.980565166899	12.2560588608720	0.478400000000000
2.80000000000000	105.978046119993	12.5560482846900	0.478400000000000
2.85000000000000	105.975527073087	12.8560377085080	0.478400000000000
2.90000000000000	105.973008026181	13.1560271323261	0.478400000000000
2.95000000000000	105.970488979275	13.4560165561442	0.478400000000000
3	105.967969932369	13.7560059799622	0.478400000000000
3.05000000000000	105.965450885464	14.0559954037803	0.478400000000000
3.10000000000000	105.962931838558	14.3559848275983	0.478400000000000
3.15000000000000	105.960412791652	14.6559742514164	0.478400000000000
3.20000000000000	105.957893744746	14.9559636752344	0.478400000000000
3.25000000000000	105.955374697840	15.2559530990524	0.478400000000000
3.30000000000000	105.952855650934	15.5559425228705	0.478400000000000
3.35000000000000	105.950336604028	15.8559319466885	0.478400000000000
3.40000000000000	105.947817557122	16.1559213705066	0.478400000000000
3.45000000000000	105.945298510216	16.4559107943246	0.478400000000000
3.50000000000000	105.942779463310	16.7559002181427	0.478400000000000
3.55000000000000	105.940260416405	17.0558896419608	0.478400000000000
3.60000000000000	105.937741369499	17.3558790657788	0.478400000000000
3.65000000000000	105.935222322593	17.6558684895969	0.478400000000000
3.70000000000000	105.932703275687	17.9558579134149	0.478400000000000
3.75000000000000	105.930184228781	18.2558473372329	0.478400000000000
3.80000000000000	105.927665181875	18.5558367610510	0.478400000000000
3.85000000000000	105.925146134969	18.8558261848691	0.478400000000000
3.90000000000000	105.922627088063	19.1558156086871	0.478400000000000
3.95000000000000	105.920108041157	19.4558050325051	0.478400000000000
4	105.917588994252	19.7557944563232	0.478400000000000
4.05000000000000	105.915069947346	20.0557838801413	0.478400000000000
4.10000000000000	105.912550900440	20.3557733039593	0.478400000000000
4.15000000000000	105.910031853534	20.6557627277774	0.478400000000000
4.20000000000000	105.907512806628	20.9557521515954	0.478400000000000
4.25000000000000	105.904993759722	21.2557415754135	0.478400000000000
4.30000000000000	105.902474712816	21.5557309992315	0.478400000000000
4.35000000000000	105.899955665910	21.8557204230496	0.478400000000000
4.40000000000000	105.897368587422	22.1557092654459	0.478400000000000
4.45000000000000	105.894760011640	22.4556979241188	0.478400000000000
4.50000000000000	105.892151435858	22.7556865827918	0.478400000000000
4.55000000000000	105.889542860076	23.0556752414647	0.478400000000000
4.60000000000000	105.886934284294	23.3556639001376	0.478400000000000
4.65000000000000	105.884325708511	23.6556525588106	0.478400000000000
4.70000000000000	105.881717132729	23.9556412174835	0.478400000000000
4.75000000000000	105.879108556947	24.2556298761565	0.478400000000000
4.80000000000000	105.876499981165	24.5556185348294	0.478400000000000
4.85000000000000	105.873891405383	24.8556071935023	0.478400000000000
4.90000000000000	105.871282829600	25.1555958521753	0.478400000000000
4.95000000000000	105.868674253818	25.4555845108482	0.478400000000000
5	105.866065678036	25.7555731695211	0.478400000000000
5.05000000000000	105.863457102254	26.0555618281941	0.478400000000000
5.10000000000000	105.860848526472	26.3555504868670	0.478400000000000
5.15000000000000	105.858239950689	26.6555391455400	0.478400000000000
5.20000000000000	105.855686437147	26.9555282549508	0.478400000000000
5.25000000000000	105.853383595345	27.2555194163533	0.478400000000000
5.30000000000000	105.851080753543	27.5555105777559	0.478400000000000
5.35000000000000	105.848777911740	27.8555017391584	0.478400000000000
5.40000000000000	105.846475069938	28.1554929005609	0.478400000000000
5.45000000000000	105.844172228136	28.4554840619634	0.478400000000000
5.50000000000000	105.841869386333	28.7554752233659	0.478400000000000
5.55000000000000	105.839566544531	29.0554663847685	0.478400000000000
5.60000000000000	105.837263702729	29.3554575461710	0.478400000000000
5.65000000000000	105.834960860926	29.6554487075735	0.478400000000000
5.70000000000000	105.832658019124	29.9554398689760	0.478400000000000
5.75000000000000	105.830355177322	30.2554310303785	0.478400000000000
5.80000000000000	105.828052335520	30.5554221917811	0.478400000000000
5.85000000000000	105.825749493717	30.8554133531836	0.478400000000000
5.90000000000000	105.823446651915	31.1554045145861	0.478400000000000
5.95000000000000	105.821143810113	31.4553956759886	0.478400000000000
6	105.818854393442	31.7553875834165	0.478400000000000
6.05000000000000	105.818830880958	32.0553875824951	0.478400000000000
6.10000000000000	105.818807368473	32.3553875815737	0.478400000000000
6.15000000000000	105.818783855989	32.6553875806523	0.478400000000000
6.20000000000000	105.818760343504	32.9553875797309	0.478400000000000
6.25000000000000	105.818736831020	33.2553875788095	0.478400000000000
6.30000000000000	105.818713318535	33.5553875778881	0.478400000000000
6.35000000000000	105.818689806051	33.8553875769667	0.478400000000000
6.40000000000000	105.818666293566	34.1553875760453	0.478400000000000
6.45000000000000	105.818642781082	34.4553875751239	0.478400000000000
6.50000000000000	105.818619268597	34.7553875742025	0.478400000000000
6.55000000000000	105.818595756113	35.0553875732811	0.478400000000000
6.60000000000000	105.818572243628	35.3553875723597	0.478400000000000
6.65000000000000	105.818548731143	35.6553875714383	0.478400000000000
6.70000000000000	105.818525218659	35.9553875705170	0.478400000000000
6.75000000000000	105.818501706174	36.2553875695956	0.478400000000000
6.80000000000000	105.818478193690	36.5553875686742	0.478400000000000
6.85000000000000	105.818454681205	36.8553875677528	0.478400000000000
6.90000000000000	105.818431168721	37.1553875668314	0.478400000000000
6.95000000000000	105.818407656236	37.4553875659100	0.478400000000000
7	105.818384143752	37.7553875649886	0.478400000000000
7.05000000000000	105.818360631267	38.0553875640672	0.478400000000000
7.10000000000000	105.818337118783	38.3553875631458	0.478400000000000
7.15000000000000	105.818313606298	38.6553875622244	0.478400000000000
7.20000000000000	105.818290093814	38.9553875613030	0.478400000000000
7.25000000000000	105.818266581329	39.2553875603816	0.478400000000000
7.30000000000000	105.818243068844	39.5553875594602	0.478400000000000
7.35000000000000	105.818219556360	39.8553875585388	0.478400000000000
7.40000000000000	105.818196043875	40.1553875576174	0.478400000000000
7.45000000000000	105.818172531391	40.4553875566960	0.478400000000000
7.50000000000000	105.818149018906	40.7553875557746	0.478400000000000
7.55000000000000	105.818125506422	41.0553875548532	0.478400000000000
7.60000000000000	105.818101993937	41.3553875539318	0.478400000000000
7.65000000000000	105.818078481453	41.6553875530104	0.478400000000000
7.70000000000000	105.818054968968	41.9553875520891	0.478400000000000
7.75000000000000	105.818031456484	42.2553875511677	0.478400000000000
7.80000000000000	105.818007943999	42.5553875502463	0.478400000000000
7.85000000000000	105.817984431515	42.8553875493249	0.478400000000000
7.90000000000000	105.817960919030	43.1553875484035	0.478400000000000
7.95000000000000	105.817937406546	43.4553875474821	0.478400000000000
8	105.817913894061	43.7553875465607	0.478400000000000
8.05000000000000	105.817890381576	44.0553875456393	0.478400000000000
8.10000000000000	105.817866869092	44.3553875447179	0.478400000000000
8.15000000000000	105.817843356607	44.6553875437965	0.478400000000000
8.20000000000000	105.817819844123	44.9553875428751	0.478400000000000
8.25000000000000	105.817796331638	45.2553875419537	0.478400000000000
8.30000000000000	105.817772819154	45.5553875410323	0.478400000000000
8.35000000000000	105.817749306669	45.8553875401109	0.478400000000000
8.40000000000000	105.817725794185	46.1553875391895	0.478400000000000
8.45000000000000	105.817702281700	46.4553875382681	0.478400000000000
8.50000000000000	105.817678769216	46.7553875373467	0.478400000000000
8.55000000000000	105.817655256731	47.0553875364253	0.478400000000000
8.60000000000000	105.817631744247	47.3553875355039	0.478400000000000
8.65000000000000	105.817608231762	47.6553875345825	0.478400000000000
8.70000000000000	105.817584719277	47.9553875336612	0.478400000000000
8.75000000000000	105.817561206793	48.2553875327398	0.478400000000000
8.80000000000000	105.817537694308	48.5553875318184	0.478400000000000
8.85000000000000	105.817514181824	48.8553875308970	0.478400000000000
8.90000000000000	105.817490669339	49.1553875299756	0.478400000000000
8.95000000000000	105.817467156855	49.4553875290542	0.478400000000000
9	105.817443644370	49.7553875281328	0.478400000000000
9.05000000000000	105.817420131886	50.0553875272114	0.478400000000000
9.10000000000000	105.817396619401	50.3553875262900	0.478400000000000
9.15000000000000	105.817373106917	50.6553875253686	0.478400000000000
9.20000000000000	105.817349594432	50.9553875244472	0.478400000000000
9.25000000000000	105.817326081948	51.2553875235258	0.478400000000000
9.30000000000000	105.817302569463	51.5553875226044	0.478400000000000
9.35000000000000	105.817279056978	51.8553875216830	0.478400000000000
9.40000000000000	105.817255544494	52.1553875207616	0.478400000000000
9.45000000000000	105.817232032009	52.4553875198402	0.478400000000000
9.50000000000000	105.817208519525	52.7553875189188	0.478400000000000
9.55000000000000	105.817185007040	53.0553875179974	0.478400000000000
9.60000000000000	105.817161494556	53.3553875170760	0.478400000000000
9.65000000000000	105.817137982071	53.6553875161547	0.478400000000000
9.70000000000000	105.817114469587	53.9553875152333	0.478400000000000
9.75000000000000	105.817090957102	54.2553875143119	0.478400000000000
9.80000000000000	105.817067444618	54.5553875133905	0.478400000000000
9.85000000000000	105.817043932133	54.8553875124691	0.478400000000000
9.90000000000000	105.817020419649	55.1553875115477	0.478400000000000
9.95000000000000	105.816996907164	55.4553875106263	0.478400000000000
10	105.816973394851	55.7553853215945	0.478400000000000
10.0500000000000	105.816949882366	56.0553853206731	0.478400000000000
10.1000000000000	105.816926369882	56.3553853197517	0.478400000000000
10.1500000000000	105.816902857397	56.6553853188303	0.478400000000000
10.2000000000000	105.816879344913	56.9553853179089	0.478400000000000
10.2500000000000	105.816855832428	57.2553853169875	0.478400000000000
10.3000000000000	105.816832319944	57.5553853160661	0.478400000000000
10.3500000000000	105.816808807459	57.8553853151447	0.478400000000000
10.4000000000000	105.816785294975	58.1553853142233	0.478400000000000
10.4500000000000	105.816761782490	58.4553853133020	0.478400000000000
10.5000000000000	105.816738270006	58.7553853123806	0.478400000000000
10.5500000000000	105.816714757521	59.0553853114592	0.478400000000000
10.6000000000000	105.816691245036	59.3553853105378	0.478400000000000
10.6500000000000	105.816667732552	59.6553853096164	0.478400000000000
10.7000000000000	105.816644220067	59.9553853086950	0.478400000000000
10.7500000000000	105.816620707583	60.2553853077736	0.478400000000000
10.8000000000000	105.816597195098	60.5553853068522	0.478400000000000
10.8500000000000	105.816573682614	60.8553853059308	0.478400000000000
10.9000000000000	105.816550170129	61.1553853050094	0.478400000000000
10.9500000000000	105.816526657645	61.4553853040880	0.478400000000000
11	105.816503145160	61.7553853031666	0.478400000000000
11.0500000000000	105.816479632676	62.0553853022452	0.478400000000000
11.1000000000000	105.816456120191	62.3553853013238	0.478400000000000
11.1500000000000	105.816432607707	62.6553853004024	0.478400000000000
11.2000000000000	105.816409095222	62.9553852994810	0.478400000000000
11.2500000000000	105.816385582737	63.2553852985596	0.478400000000000
11.3000000000000	105.816362070253	63.5553852976382	0.478400000000000
11.3500000000000	105.816338557768	63.8553852967169	0.478400000000000
11.4000000000000	105.816315045284	64.1553852957954	0.478400000000000
11.4500000000000	105.816291532799	64.4553852948741	0.478400000000000
11.5000000000000	105.816268020315	64.7553852939526	0.478400000000000
11.5500000000000	105.816244507830	65.0553852930313	0.478400000000000
11.6000000000000	105.816220995346	65.3553852921099	0.478400000000000
11.6500000000000	105.816197482861	65.6553852911885	0.478400000000000
11.7000000000000	105.816173970377	65.9553852902671	0.478400000000000
11.7500000000000	105.816150457892	66.2553852893457	0.478400000000000
11.8000000000000	105.816126945408	66.5553852884243	0.478400000000000
11.8500000000000	105.816103432923	66.8553852875029	0.478400000000000
11.9000000000000	105.816079920438	67.1553852865815	0.478400000000000
11.9500000000000	105.816056407954	67.4553852856601	0.478400000000000
12	105.816032895469	67.7553852847387	0.478400000000000
12.0500000000000	105.816009382985	68.0553852838173	0.478400000000000
12.1000000000000	105.815985870500	68.3553852828959	0.478400000000000
12.1500000000000	105.815962358016	68.6553852819745	0.478400000000000
12.2000000000000	105.815938845531	68.9553852810531	0.478400000000000
12.2500000000000	105.815915333047	69.2553852801317	0.478400000000000
12.3000000000000	105.815891820562	69.5553852792103	0.478400000000000
12.3500000000000	105.815868308078	69.8553852782890	0.478400000000000
12.4000000000000	105.815844795593	70.1553852773675	0.478400000000000
12.4500000000000	105.815821283109	70.4553852764461	0.478400000000000
12.5000000000000	105.815797770624	70.7553852755247	0.478400000000000
12.5500000000000	105.815774258140	71.0553852746034	0.478400000000000
12.6000000000000	105.815750745655	71.3553852736820	0.478400000000000
12.6500000000000	105.815727233170	71.6553852727606	0.478400000000000
12.7000000000000	105.815703720686	71.9553852718392	0.478400000000000
12.7500000000000	105.815680208201	72.2553852709178	0.478400000000000
12.8000000000000	105.815656695717	72.5553852699964	0.478400000000000
12.8500000000000	105.815633183232	72.8553852690750	0.478400000000000
12.9000000000000	105.815609670748	73.1553852681536	0.478400000000000
12.9500000000000	105.815586158263	73.4553852672322	0.478400000000000
13	105.815562645779	73.7553852663108	0.478400000000000
13.0500000000000	105.815539133294	74.0553852653894	0.478400000000000
13.1000000000000	105.815515620810	74.3553852644680	0.478400000000000
13.1500000000000	105.815492108325	74.6553852635466	0.478400000000000
13.2000000000000	105.815468595841	74.9553852626252	0.478400000000000
13.2500000000000	105.815445083356	75.2553852617038	0.478400000000000
13.3000000000000	105.815421570871	75.5553852607824	0.478400000000000
13.3500000000000	105.815398058387	75.8553852598611	0.478400000000000
13.4000000000000	105.815374545902	76.1553852589396	0.478400000000000
13.4500000000000	105.815351033418	76.4553852580183	0.478400000000000
13.5000000000000	105.815327520933	76.7553852570969	0.478400000000000
13.5500000000000	105.815304008449	77.0553852561754	0.478400000000000
13.6000000000000	105.815280495964	77.3553852552541	0.478400000000000
13.6500000000000	105.815256983480	77.6553852543327	0.478400000000000
13.7000000000000	105.815233470995	77.9553852534113	0.478400000000000
13.7500000000000	105.815209958511	78.2553852524899	0.478400000000000
13.8000000000000	105.815186446026	78.5553852515685	0.478400000000000
13.8500000000000	105.815162933542	78.8553852506471	0.478400000000000
13.9000000000000	105.815139421057	79.1553852497257	0.478400000000000
13.9500000000000	105.815115908572	79.4553852488043	0.478400000000000
14	105.815092396088	79.7553852478829	0.478400000000000
14.0500000000000	105.815068883603	80.0553852469615	0.478400000000000
14.1000000000000	105.815045371119	80.3553852460401	0.478400000000000
14.1500000000000	105.815021858634	80.6553852451187	0.478400000000000
14.2000000000000	105.814998346150	80.9553852441973	0.478400000000000
14.2500000000000	105.814974833665	81.2553852432759	0.478400000000000
14.3000000000000	105.814951321181	81.5553852423545	0.478400000000000
14.3500000000000	105.814927808696	81.8553852414331	0.478400000000000
14.4000000000000	105.814904296212	82.1553852405117	0.478400000000000
14.4500000000000	105.814880783727	82.4553852395903	0.478400000000000
14.5000000000000	105.814857271243	82.7553852386690	0.478400000000000
14.5500000000000	105.814833758758	83.0553852377475	0.478400000000000
14.6000000000000	105.814810246273	83.3553852368262	0.478400000000000
14.6500000000000	105.814786733789	83.6553852359048	0.478400000000000
14.7000000000000	105.814763221304	83.9553852349834	0.478400000000000
14.7500000000000	105.814739708820	84.2553852340620	0.478400000000000
14.8000000000000	105.814716196335	84.5553852331406	0.478400000000000
14.8500000000000	105.814692683851	84.8553852322192	0.478400000000000
14.9000000000000	105.814669171366	85.1553852312978	0.478400000000000
14.9500000000000	105.814645658882	85.4553852303764	0.478400000000000
15	105.814622146397	85.7553852294550	0.478400000000000
15.0500000000000	105.814598633913	86.0553852285336	0.478400000000000
15.1000000000000	105.814575121428	86.3553852276122	0.478400000000000
15.1500000000000	105.814551608944	86.6553852266908	0.478400000000000
15.2000000000000	105.814528096459	86.9553852257694	0.478400000000000
15.2500000000000	105.814504583974	87.2553852248480	0.478400000000000
15.3000000000000	105.814481071490	87.5553852239266	0.478400000000000
15.3500000000000	105.814457559005	87.8553852230052	0.478400000000000
15.4000000000000	105.814434046521	88.1553852220838	0.478400000000000
15.4500000000000	105.814410534036	88.4553852211624	0.478400000000000
15.5000000000000	105.814387021552	88.7553852202410	0.478400000000000
15.5500000000000	105.814363509067	89.0553852193197	0.478400000000000
15.6000000000000	105.814339996583	89.3553852183983	0.478400000000000
15.6500000000000	105.814316484098	89.6553852174769	0.478400000000000
15.7000000000000	105.814292971614	89.9553852165555	0.478400000000000
15.7500000000000	105.814269459129	90.2553852156341	0.478400000000000
15.8000000000000	105.814245946645	90.5553852147127	0.478400000000000
15.8500000000000	105.814222434160	90.8553852137913	0.478400000000000
15.9000000000000	105.814198921675	91.1553852128699	0.478400000000000
15.9500000000000	105.814175409191	91.4553852119485	0.478400000000000
16	105.814151896706	91.7553852110271	0.478400000000000
16.0500000000000	105.814128384222	92.0553852101057	0.478400000000000
16.1000000000000	105.814104871737	92.3553852091843	0.478400000000000
16.1500000000000	105.814081359253	92.6553852082629	0.478400000000000
16.2000000000000	105.814057846768	92.9553852073415	0.478400000000000
16.2500000000000	105.814034334284	93.2553852064201	0.478400000000000
16.3000000000000	105.814010821799	93.5553852054987	0.478400000000000
16.3500000000000	105.813987309315	93.8553852045774	0.478400000000000
16.4000000000000	105.813963796830	94.1553852036560	0.478400000000000
16.4500000000000	105.813940284346	94.4553852027346	0.478400000000000
16.5000000000000	105.813916771861	94.7553852018132	0.478400000000000
16.5500000000000	105.813893259376	95.0553852008918	0.478400000000000
16.6000000000000	105.813869746892	95.3553851999704	0.478400000000000
16.6500000000000	105.813846234407	95.6553851990490	0.478400000000000
16.7000000000000	105.813822721923	95.9553851981276	0.478400000000000
16.7500000000000	105.813799209438	96.2553851972062	0.478400000000000
16.8000000000000	105.813775696954	96.5553851962848	0.478400000000000
16.8500000000000	105.813752184469	96.8553851953634	0.478400000000000
16.9000000000000	105.813728671985	97.1553851944420	0.478400000000000
16.9500000000000	105.813705159500	97.4553851935206	0.478400000000000
17	105.813681647016	97.7553851925992	0.478400000000000
17.0500000000000	105.813658134531	98.0553851916778	0.478400000000000
17.1000000000000	105.813634622047	98.3553851907564	0.478400000000000
17.1500000000000	105.813611109562	98.6553851898351	0.478400000000000
17.2000000000000	105.813587597077	98.9553851889136	0.478400000000000
17.2500000000000	105.813564084593	99.2553851879923	0.478400000000000
17.3000000000000	105.813540572108	99.5553851870709	0.478400000000000
17.3500000000000	105.813517059624	99.8553851861495	0.478400000000000
17.4000000000000	105.813493547139	100.155385185228	0.478400000000000
17.4500000000000	105.813470034655	100.455385184307	0.478400000000000
17.5000000000000	105.813446522170	100.755385183385	0.478400000000000
17.5500000000000	105.813423009686	101.055385182464	0.478400000000000
17.6000000000000	105.813399497201	101.355385181542	0.478400000000000
17.6500000000000	105.813375984717	101.655385180621	0.478400000000000
17.7000000000000	105.813352472232	101.955385179700	0.478400000000000
17.7500000000000	105.813328959748	102.255385178778	0.478400000000000
17.8000000000000	105.814461164454	102.555377431658	0.478400000000000
17.8500000000000	105.821893609753	102.855270112370	0.478400000000000
17.9000000000000	105.838571932470	103.154782203510	0.478400000000000
17.9500000000000	105.866757054329	103.453424391621	0.478400000000000
18	105.907059280363	103.750664458925	0.478400000000000
18.0500000000000	105.963216748047	104.045298511828	0.478400000000000
18.1000000000000	106.036619241477	104.336090335730	0.478400000000000
18.1500000000000	106.128517613643	104.621579656174	0.478400000000000
18.2000000000000	106.245473770259	104.897715085204	0.478400000000000
18.2500000000000	106.384679587175	105.163270449020	0.478400000000000
18.3000000000000	106.549301019700	105.413804199806	0.478400000000000
18.3500000000000	106.740361179570	105.644813179499	0.478400000000000
18.4000000000000	106.955113506626	105.853893468226	0.478400000000000
18.4500000000000	107.193235168099	106.035991047507	0.478400000000000
18.5000000000000	107.448571793549	106.193112854940	0.478400000000000
18.5500000000000	107.716994372216	106.326758277292	0.478400000000000
18.6000000000000	107.997062864395	106.434003004328	0.478400000000000
18.6500000000000	108.283937651699	106.521424974866	0.478400000000000
18.7000000000000	108.576050427218	106.589397987794	0.478400000000000
18.7500000000000	108.871703854543	106.640004663540	0.478400000000000
18.8000000000000	109.169337538024	106.677290792695	0.478400000000000
18.8500000000000	109.468344744123	106.701320961651	0.478400000000000
18.9000000000000	109.768006369610	106.715129632646	0.478400000000000
18.9500000000000	110.067944933922	106.720505983627	0.478400000000000
19	110.367944933001	106.720529496111	0.478400000000000
19.0500000000000	110.667944932080	106.720553008596	0.478400000000000
19.1000000000000	110.967944931158	106.720576521080	0.478400000000000
19.1500000000000	111.267944930237	106.720600033565	0.478400000000000
19.2000000000000	111.567944929315	106.720623546050	0.478400000000000
19.2500000000000	111.867944928394	106.720647058534	0.478400000000000
19.3000000000000	112.167944927473	106.720670571019	0.478400000000000
19.3500000000000	112.467944926551	106.720694083503	0.478400000000000
19.4000000000000	112.767944925630	106.720717595988	0.478400000000000
19.4500000000000	113.067944924708	106.720741108472	0.478400000000000
19.5000000000000	113.367944923787	106.720764620957	0.478400000000000
19.5500000000000	113.667944922866	106.720788133441	0.478400000000000
19.6000000000000	113.967944921944	106.720811645926	0.478400000000000
19.6500000000000	114.267944921023	106.720835158410	0.478400000000000
19.7000000000000	114.567944920101	106.720858670895	0.478400000000000
19.7500000000000	114.867928587488	106.719538217724	0.478400000000000
19.8000000000000	115.167839427566	106.712224668404	0.478400000000000
19.8500000000000	115.467587911728	106.701589535662	0.478400000000000
19.9000000000000	115.766782350235	106.679619374831	0.478400000000000
19.9500000000000	116.065589970978	106.653704967313	0.478400000000000
20	116.363352170284	106.617130759678	0.478400000000000
20.0500000000000	116.660441955126	106.576005165242	0.478400000000000
20.1000000000000	116.956059504309	106.524914416419	0.478400000000000
20.1500000000000	117.250658962634	106.468685143857	0.478400000000000
20.2000000000000	117.543424581952	106.403200091014	0.478400000000000
20.2500000000000	117.834767700825	106.332013791028	0.478400000000000
20.3000000000000	118.123980933920	106.252291110422	0.478400000000000
20.3500000000000	118.411310157163	106.166333195760	0.478400000000000
20.4000000000000	118.696279046939	106.072563627884	0.478400000000000
20.4500000000000	118.978847232374	105.972057793611	0.478400000000000
20.5000000000000	119.258889976539	105.864465686836	0.478400000000000
20.5500000000000	119.535962326386	105.749673331982	0.478400000000000
20.6000000000000	119.810408908697	105.628516105793	0.478400000000000
20.6500000000000	120.081264868147	105.499735657853	0.478400000000000
20.7000000000000	120.349458661457	105.365303186962	0.478400000000000
20.7500000000000	120.613393780557	105.222869330999	0.478400000000000
20.8000000000000	120.874693117830	105.075483251803	0.478400000000000
20.8500000000000	121.131020871888	104.919766066126	0.478400000000000
20.9000000000000	121.384800581416	104.759779007175	0.478400000000000
20.9500000000000	121.632854145245	104.591183007805	0.478400000000000
21	121.878507046407	104.418977746124	0.478400000000000
21.0500000000000	122.117641017855	104.237940842521	0.478400000000000
21.1000000000000	122.354579373823	104.053929387793	0.478400000000000
21.1500000000000	122.584171442157	103.860921752507	0.478400000000000
21.2000000000000	122.811828366088	103.665544361322	0.478400000000000
21.2500000000000	123.031280920937	103.461067216477	0.478400000000000
21.3000000000000	123.249111732278	103.254791338995	0.478400000000000
21.3500000000000	123.457853409006	103.039375662726	0.478400000000000
21.4000000000000	123.665336936667	102.822694824281	0.478400000000000
21.4500000000000	123.862824094202	102.596899980437	0.478400000000000
21.5000000000000	124.059463923488	102.370332600750	0.478400000000000
21.5500000000000	124.245182050793	102.134744895387	0.478400000000000
21.6000000000000	124.430404668259	101.898756100358	0.478400000000000
21.6500000000000	124.603972758688	101.654064216584	0.478400000000000
21.7000000000000	124.776905231948	101.408944443527	0.478400000000000
21.7500000000000	124.938300482183	101.156057960691	0.478400000000000
21.8000000000000	125.098494238467	100.902445399747	0.478400000000000
21.8500000000000	125.247330502317	100.641969361380	0.478400000000000
21.9000000000000	125.394370018025	100.380524163050	0.478400000000000
21.9500000000000	125.530291197298	100.113081771075	0.478400000000000
22	125.663795069321	99.8444843390835	0.478400000000000
22.0500000000000	125.786475965812	99.5707154627735	0.478400000000000
22.1000000000000	125.906097894887	99.2956646948613	0.478400000000000
22.1500000000000	126.015244988428	99.0162243399169	0.478400000000000
22.2000000000000	126.120674672001	98.7354358210766	0.478400000000000
22.2500000000000	126.216026822723	98.4509925624947	0.478400000000000
22.3000000000000	126.306990755024	98.1651967152957	0.478400000000000
22.3500000000000	126.388319828147	97.8764310977700	0.478400000000000
22.4000000000000	126.464582005435	97.5863712945302	0.478400000000000
22.4500000000000	126.531693417092	97.2939742042139	0.478400000000000
22.5000000000000	126.593055946248	97.0004048458689	0.478400000000000
22.5500000000000	126.645789129036	96.7050758573950	0.478400000000000
22.6000000000000	126.692092737958	96.4087604240022	0.478400000000000
22.6500000000000	126.730321525106	96.1112061267165	0.478400000000000
22.7000000000000	126.761445973581	95.8129152046042	0.478400000000000
22.7500000000000	126.785078900808	95.5138475120149	0.478400000000000
22.8000000000000	126.800943290821	95.2143568026473	0.478400000000000
22.8500000000000	126.809923815168	94.9144912491363	0.478400000000000
22.9000000000000	126.813950907034	94.6145463060104	0.478400000000000
22.9500000000000	126.814287492706	94.3145464948270	0.478400000000000
23	126.814624078379	94.0145466836436	0.478400000000000
23.0500000000000	126.814960664051	93.7145468724602	0.478400000000000
23.1000000000000	126.815297249724	93.4145470612767	0.478400000000000
23.1500000000000	126.815323784664	93.1145472031482	0.478400000000000
23.2000000000000	126.815078045660	92.8145473037943	0.478400000000000
23.2500000000000	126.814832306656	92.5145474044404	0.478400000000000
23.3000000000000	126.814586567651	92.2145475050865	0.478400000000000
23.3500000000000	126.814340828647	91.9145476057326	0.478400000000000
23.4000000000000	126.814202150804	91.6145540008617	0.478400000000000
23.4500000000000	126.814225663289	91.3145540017831	0.478400000000000
23.5000000000000	126.814249175773	91.0145540027045	0.478400000000000
23.5500000000000	126.814272688258	90.7145540036259	0.478400000000000
23.6000000000000	126.814296200742	90.4145540045473	0.478400000000000
23.6500000000000	126.814319713227	90.1145540054687	0.478400000000000
23.7000000000000	126.814343225711	89.8145540063901	0.478400000000000
23.7500000000000	126.814366738196	89.5145540073115	0.478400000000000
23.8000000000000	126.814390250681	89.2145540082329	0.478400000000000
23.8500000000000	126.814413763165	88.9145540091543	0.478400000000000
23.9000000000000	126.814437275650	88.6145540100756	0.478400000000000
23.9500000000000	126.814460788134	88.3145540109970	0.478400000000000
24	126.814484300619	88.0145540119184	0.478400000000000
24.0500000000000	126.814507813103	87.7145540128398	0.478400000000000
24.1000000000000	126.814531325588	87.4145540137612	0.478400000000000
24.1500000000000	126.814554838072	87.1145540146826	0.478400000000000
24.2000000000000	126.814578350557	86.8145540156040	0.478400000000000
24.2500000000000	126.814601863041	86.5145540165254	0.478400000000000
24.3000000000000	126.814625375526	86.2145540174468	0.478400000000000
24.3500000000000	126.814648888010	85.9145540183682	0.478400000000000
24.4000000000000	126.814672400495	85.6145540192896	0.478400000000000
24.4500000000000	126.814695912980	85.3145540202110	0.478400000000000
24.5000000000000	126.814719425464	85.0145540211324	0.478400000000000
24.5500000000000	126.814742937949	84.7145540220538	0.478400000000000
24.6000000000000	126.814766450433	84.4145540229752	0.478400000000000
24.6500000000000	126.814789962918	84.1145540238966	0.478400000000000
24.7000000000000	126.814813475400	83.8145540248180	0.478400000000000
24.7500000000000	126.814836987786	83.5145540257394	0.478400000000000
24.8000000000000	126.814860499722	83.2145540266607	0.478400000000000
24.8500000000000	126.814884010626	82.9145540275820	0.478400000000000
24.9000000000000	126.814907519452	82.6145540285031	0.478400000000000
24.9500000000000	126.814931025582	82.3145540294240	0.478400000000000
25	126.814954527052	82.0145540303445	0.478400000000000
25.0500000000000	126.814978023594	81.7145540312647	0.478400000000000
25.1000000000000	126.815001512914	81.4145540321842	0.478400000000000
25.1500000000000	126.815024994582	81.1145540331032	0.478400000000000
25.2000000000000	126.815048466707	80.8145540340214	0.478400000000000
25.2500000000000	126.815071928285	80.5145540349389	0.478400000000000
25.3000000000000	126.815095378469	80.2145540358554	0.478400000000000
25.3500000000000	126.815118815290	79.9145540367709	0.478400000000000
25.4000000000000	126.815142239473	79.6145540376853	0.478400000000000
25.4500000000000	126.815165647781	79.3145540385986	0.478400000000000
25.5000000000000	126.815189042426	79.0145540395108	0.478400000000000
25.5500000000000	126.815212420086	78.7145540404216	0.478400000000000
25.6000000000000	126.815235782905	78.4145540413313	0.478400000000000
25.6500000000000	126.815259129018	78.1145540422397	0.478400000000000
25.7000000000000	126.815282459394	77.8145540431469	0.478400000000000
25.7500000000000	126.815305774066	77.5145540440529	0.478400000000000
25.8000000000000	126.815329072792	77.2145540449576	0.478400000000000
25.8500000000000	126.815352357423	76.9145540458612	0.478400000000000
25.9000000000000	126.815375626664	76.6145540467636	0.478400000000000
25.9500000000000	126.815398883760	76.3145540476651	0.478400000000000
26	126.815422127076	76.0145540485655	0.478400000000000
26.0500000000000	126.815445360044	75.7145540494652	0.478400000000000
26.1000000000000	126.815468582322	75.4145540503640	0.478400000000000
26.1500000000000	126.815491796150	75.1145540512621	0.478400000000000
26.2000000000000	126.815515002566	74.8145540521597	0.478400000000000
26.2500000000000	126.815538203050	74.5145540530568	0.478400000000000
26.3000000000000	126.815561399413	74.2145540539536	0.478400000000000
26.3500000000000	126.815584592912	73.9145540548501	0.478400000000000
26.4000000000000	126.815607785428	73.6145540557466	0.478400000000000
26.4500000000000	126.815630978593	73.3145540566431	0.478400000000000
26.5000000000000	126.815654173785	73.0145540575398	0.478400000000000
26.5500000000000	126.815677373124	72.7145540584369	0.478400000000000
26.6000000000000	126.815700577575	72.4145540593343	0.478400000000000
26.6500000000000	126.815723789170	72.1145540602322	0.478400000000000
26.7000000000000	126.815747009073	71.8145540611308	0.478400000000000
26.7500000000000	126.815770238525	71.5145540620302	0.478400000000000
26.8000000000000	126.815793479419	71.2145540629304	0.478400000000000
26.8500000000000	126.815816731612	70.9145540638315	0.478400000000000
26.9000000000000	126.815839998148	70.6145540647337	0.478400000000000
26.9500000000000	126.815863277375	70.3145540656369	0.478400000000000
27	126.815886572790	70.0145540665414	0.478400000000000
27.0500000000000	126.815909882412	69.7145540674470	0.478400000000000
27.1000000000000	126.815933208534	69.4145540683538	0.478400000000000
27.1500000000000	126.815956550244	69.1145540692618	0.478400000000000
27.2000000000000	126.815979907998	68.8145540701711	0.478400000000000
27.2500000000000	126.816003282094	68.5145540710818	0.478400000000000
27.3000000000000	126.816026671103	68.2145540719935	0.478400000000000
27.3500000000000	126.816050076477	67.9145540729065	0.478400000000000
27.4000000000000	126.816073495122	67.6145540738205	0.478400000000000
27.4500000000000	126.816096929280	67.3145540747358	0.478400000000000
27.5000000000000	126.816120375245	67.0145540756520	0.478400000000000
27.5500000000000	126.816143834008	66.7145540765692	0.478400000000000
27.6000000000000	126.816167303183	66.4145540774872	0.478400000000000
27.6500000000000	126.816190782198	66.1145540784060	0.478400000000000
27.7000000000000	126.816214269676	65.8145540793254	0.478400000000000
27.7500000000000	126.816237764034	65.5145540802454	0.478400000000000
27.8000000000000	126.816261264516	65.2145540811659	0.478400000000000
27.8500000000000	126.816284769170	64.9145540820867	0.478400000000000
27.9000000000000	126.816308277492	64.6145540830077	0.478400000000000
27.9500000000000	126.816331787824	64.3145540839289	0.478400000000000
28	126.816355299573	64.0145540848503	0.478400000000000
28.0500000000000	126.816378811879	63.7145540857716	0.478400000000000
28.1000000000000	126.816402324351	63.4145540866930	0.478400000000000
28.1500000000000	126.816425836835	63.1145540876144	0.478400000000000
28.2000000000000	126.816449349320	62.8145540885358	0.478400000000000
28.2500000000000	126.816472861804	62.5145540894572	0.478400000000000
28.3000000000000	126.816496374289	62.2145540903786	0.478400000000000
28.3500000000000	126.816519886774	61.9145540913000	0.478400000000000
28.4000000000000	126.816543399258	61.6145540922214	0.478400000000000
28.4500000000000	126.816566911743	61.3145540931428	0.478400000000000
28.5000000000000	126.816590424227	61.0145540940642	0.478400000000000
28.5500000000000	126.816613936712	60.7145540949856	0.478400000000000
28.6000000000000	126.816637449196	60.4145540959070	0.478400000000000
28.6500000000000	126.816660961681	60.1145540968284	0.478400000000000
28.7000000000000	126.816684474165	59.8145540977498	0.478400000000000
28.7500000000000	126.816707986650	59.5145540986712	0.478400000000000
28.8000000000000	126.816731499134	59.2145540995926	0.478400000000000
28.8500000000000	126.816755011619	58.9145541005140	0.478400000000000
28.9000000000000	126.816778524103	58.6145541014353	0.478400000000000
28.9500000000000	126.816802036588	58.3145541023567	0.478400000000000
29	126.816825549073	58.0145541032782	0.478400000000000
29.0500000000000	126.816849061557	57.7145541041995	0.478400000000000
29.1000000000000	126.816872574042	57.4145541051209	0.478400000000000
29.1500000000000	126.816896086526	57.1145541060423	0.478400000000000
29.2000000000000	126.816919599011	56.8145541069637	0.478400000000000
29.2500000000000	126.816943111495	56.5145541078851	0.478400000000000
29.3000000000000	126.816966623980	56.2145541088065	0.478400000000000
29.3500000000000	126.816990136464	55.9145541097279	0.478400000000000
29.4000000000000	126.817013648949	55.6145541106493	0.478400000000000
29.4500000000000	126.817037161433	55.3145541115707	0.478400000000000
29.5000000000000	126.817060673918	55.0145541124921	0.478400000000000
29.5500000000000	126.817084186402	54.7145541134135	0.478400000000000
29.6000000000000	126.817107698887	54.4145541143349	0.478400000000000
29.6500000000000	126.817131211372	54.1145541152563	0.478400000000000
29.7000000000000	126.817154723856	53.8145541161777	0.478400000000000
29.7500000000000	126.817178236341	53.5145541170991	0.478400000000000
29.8000000000000	126.817201748825	53.2145541180205	0.478400000000000
29.8500000000000	126.817225261310	52.9145541189419	0.478400000000000
29.9000000000000	126.817248773794	52.6145541198632	0.478400000000000
29.9500000000000	126.817272286279	52.3145541207846	0.478400000000000
30	126.817295798763	52.0145541217061	0.478400000000000
30.0500000000000	126.817319311248	51.7145541226275	0.478400000000000
30.1000000000000	126.817342823732	51.4145541235488	0.478400000000000
30.1500000000000	126.817366336217	51.1145541244702	0.478400000000000
30.2000000000000	126.817389848701	50.8145541253916	0.478400000000000
30.2500000000000	126.817413361186	50.5145541263130	0.478400000000000
30.3000000000000	126.817436873671	50.2145541272344	0.478400000000000
30.3500000000000	126.817460386155	49.9145541281558	0.478400000000000
30.4000000000000	126.817483898640	49.6145541290772	0.478400000000000
30.4500000000000	126.817507411124	49.3145541299986	0.478400000000000
30.5000000000000	126.817530923609	49.0145541309200	0.478400000000000
30.5500000000000	126.817554436093	48.7145541318414	0.478400000000000
30.6000000000000	126.817577948578	48.4145541327628	0.478400000000000
30.6500000000000	126.817601461062	48.1145541336842	0.478400000000000
30.7000000000000	126.817624973547	47.8145541346056	0.478400000000000
30.7500000000000	126.817648486031	47.5145541355270	0.478400000000000
30.8000000000000	126.817671998516	47.2145541364484	0.478400000000000
30.8500000000000	126.817695511000	46.9145541373698	0.478400000000000
30.9000000000000	126.817719023485	46.6145541382911	0.478400000000000
30.9500000000000	126.817742535970	46.3145541392125	0.478400000000000
31	126.817766048454	46.0145541401339	0.478400000000000
31.0500000000000	126.817789560939	45.7145541410553	0.478400000000000
31.1000000000000	126.817813073423	45.4145541419767	0.478400000000000
31.1500000000000	126.817836585908	45.1145541428981	0.478400000000000
31.2000000000000	126.817860098392	44.8145541438195	0.478400000000000
31.2500000000000	126.817883610877	44.5145541447409	0.478400000000000
31.3000000000000	126.817907123361	44.2145541456623	0.478400000000000
31.3500000000000	126.817930635846	43.9145541465837	0.478400000000000
31.4000000000000	126.817954148330	43.6145541475051	0.478400000000000
31.4500000000000	126.817977660815	43.3145541484265	0.478400000000000
31.5000000000000	126.818001173299	43.0145541493479	0.478400000000000
31.5500000000000	126.818024685784	42.7145541502693	0.478400000000000
31.6000000000000	126.818048198269	42.4145541511907	0.478400000000000
31.6500000000000	126.818071710753	42.1145541521121	0.478400000000000
31.7000000000000	126.818095223238	41.8145541530335	0.478400000000000
31.7500000000000	126.818118735722	41.5145541539549	0.478400000000000
31.8000000000000	126.818142248207	41.2145541548763	0.478400000000000
31.8500000000000	126.818165760691	40.9145541557977	0.478400000000000
31.9000000000000	126.818189273176	40.6145541567190	0.478400000000000
31.9500000000000	126.818212785660	40.3145541576404	0.478400000000000
32	126.818236298145	40.0145541585618	0.478400000000000
32.0500000000000	126.818259810629	39.7145541594832	0.478400000000000
32.1000000000000	126.818283323114	39.4145541604046	0.478400000000000
32.1500000000000	126.818306835598	39.1145541613260	0.478400000000000
32.2000000000000	126.818330348083	38.8145541622474	0.478400000000000
32.2500000000000	126.818353860568	38.5145541631688	0.478400000000000
32.3000000000000	126.818377373052	38.2145541640902	0.478400000000000
32.3500000000000	126.818400885537	37.9145541650116	0.478400000000000
32.4000000000000	126.818424398021	37.6145541659330	0.478400000000000
32.4500000000000	126.818447910506	37.3145541668544	0.478400000000000
32.5000000000000	126.818471422990	37.0145541677758	0.478400000000000
32.5500000000000	126.818494935475	36.7145541686972	0.478400000000000
32.6000000000000	126.818518447959	36.4145541696186	0.478400000000000
32.6500000000000	126.818541960444	36.1145541705400	0.478400000000000
32.7000000000000	126.818565472928	35.8145541714614	0.478400000000000
32.7500000000000	126.818588985413	35.5145541723828	0.478400000000000
32.8000000000000	126.818612497897	35.2145541733041	0.478400000000000
32.8500000000000	126.818636010382	34.9145541742256	0.478400000000000
32.9000000000000	126.818659522867	34.6145541751470	0.478400000000000
32.9500000000000	126.818683035351	34.3145541760683	0.478400000000000
33	126.818706547836	34.0145541769898	0.478400000000000
33.0500000000000	126.818730060320	33.7145541779111	0.478400000000000
33.1000000000000	126.818753572805	33.4145541788325	0.478400000000000
33.1500000000000	126.818777085289	33.1145541797539	0.478400000000000
33.2000000000000	126.818800597774	32.8145541806753	0.478400000000000
33.2500000000000	126.818824110258	32.5145541815967	0.478400000000000
33.3000000000000	126.818847622743	32.2145541825181	0.478400000000000
33.3500000000000	126.818871135227	31.9145541834395	0.478400000000000
33.4000000000000	126.818894647712	31.6145541843609	0.478400000000000
33.4500000000000	126.818918160196	31.3145541852823	0.478400000000000
33.5000000000000	126.818941672681	31.0145541862037	0.478400000000000
33.5500000000000	126.818965185166	30.7145541871251	0.478400000000000
33.6000000000000	126.818988697650	30.4145541880465	0.478400000000000
33.6500000000000	126.819012210135	30.1145541889679	0.478400000000000
33.7000000000000	126.819035722619	29.8145541898893	0.478400000000000
33.7500000000000	126.819059235104	29.5145541908107	0.478400000000000
33.8000000000000	126.819082747588	29.2145541917320	0.478400000000000
33.8500000000000	126.819106260073	28.9145541926535	0.478400000000000
33.9000000000000	126.819129772557	28.6145541935748	0.478400000000000
33.9500000000000	126.819153285042	28.3145541944962	0.478400000000000
34	126.819176797526	28.0145541954176	0.478400000000000
34.0500000000000	126.819200310011	27.7145541963390	0.478400000000000
34.1000000000000	126.819223822495	27.4145541972604	0.478400000000000
34.1500000000000	126.819247334980	27.1145541981818	0.478400000000000
34.2000000000000	126.819270847465	26.8145541991032	0.478400000000000
34.2500000000000	126.819294359949	26.5145542000246	0.478400000000000
34.3000000000000	126.819317872434	26.2145542009460	0.478400000000000
34.3500000000000	126.819341384918	25.9145542018674	0.478400000000000
34.4000000000000	126.814982925535	25.6146433984942	0.478400000000000
34.4500000000000	126.802751399275	25.3148928525975	0.478400000000000
34.5000000000000	126.790519873015	25.0151423067009	0.478400000000000
34.5500000000000	126.778288346755	24.7153917608042	0.478400000000000
34.6000000000000	126.766056820494	24.4156412149076	0.478400000000000
34.6500000000000	126.753825294234	24.1158906690109	0.478400000000000
34.7000000000000	126.741593767974	23.8161401231142	0.478400000000000
34.7500000000000	126.729362241714	23.5163895772176	0.478400000000000
34.8000000000000	126.717130715453	23.2166390313209	0.478400000000000
34.8500000000000	126.704899189193	22.9168884854243	0.478400000000000
34.9000000000000	126.692667662933	22.6171379395276	0.478400000000000
34.9500000000000	126.680436136673	22.3173873936309	0.478400000000000
35	126.668204610413	22.0176368477343	0.478400000000000
35.0500000000000	126.655973084152	21.7178863018376	0.478400000000000
35.1000000000000	126.643741557892	21.4181357559410	0.478400000000000
35.1500000000000	126.631510031632	21.1183852100443	0.478400000000000
35.2000000000000	126.619278505372	20.8186346641476	0.478400000000000
35.2500000000000	126.607046979111	20.5188841182510	0.478400000000000
35.3000000000000	126.594852476844	20.2191321018787	0.478400000000000
35.3500000000000	126.583272692884	19.9193556708448	0.478400000000000
35.4000000000000	126.571692908924	19.6195792398109	0.478400000000000
35.4500000000000	126.560113124965	19.3198028087769	0.478400000000000
35.5000000000000	126.548533341005	19.0200263777430	0.478400000000000
35.5500000000000	126.536953557046	18.7202499467090	0.478400000000000
35.6000000000000	126.525373773086	18.4204735156751	0.478400000000000
35.6500000000000	126.513793989127	18.1206970846411	0.478400000000000
35.7000000000000	126.502214205167	17.8209206536072	0.478400000000000
35.7500000000000	126.490634421208	17.5211442225732	0.478400000000000
35.8000000000000	126.479054637248	17.2213677915393	0.478400000000000
35.8500000000000	126.467474853289	16.9215913605054	0.478400000000000
35.9000000000000	126.455895069329	16.6218149294714	0.478400000000000
35.9500000000000	126.444315285370	16.3220384984375	0.478400000000000
36	126.432735501410	16.0222620674035	0.478400000000000
36.0500000000000	126.421155717451	15.7224856363695	0.478400000000000
36.1000000000000	126.409575933491	15.4227092053356	0.478400000000000
36.1500000000000	126.397996149532	15.1229327743017	0.478400000000000
36.2000000000000	126.386416365572	14.8231563432677	0.478400000000000
36.2500000000000	126.374836581613	14.5233799122338	0.478400000000000
36.3000000000000	126.367438639143	14.2234783438053	0.478400000000000
36.3500000000000	126.355995103162	13.9237799882264	0.478400000000000
36.4000000000000	126.335050705564	13.6245119942657	0.478400000000000
36.4500000000000	126.300338483047	13.3265486246004	0.478400000000000
36.5000000000000	126.257130816634	13.0297680811329	0.478400000000000
36.5500000000000	126.205445212683	12.7342868740815	0.478400000000000
36.6000000000000	126.140707442747	12.4413551053303	0.478400000000000
36.6500000000000	126.066221250584	12.1508307379064	0.478400000000000
36.7000000000000	125.983456887055	11.8625461669931	0.478400000000000
36.7500000000000	125.890248211365	11.5773933259129	0.478400000000000
36.8000000000000	125.785317289791	11.2963940679654	0.478400000000000
36.8500000000000	125.672410428855	11.0185472834272	0.478400000000000
36.9000000000000	125.551569866878	10.7439629908015	0.478400000000000
36.9500000000000	125.417430182655	10.4756226376737	0.478400000000000
37	125.275652482380	10.2113382969264	0.478400000000000
37.0500000000000	125.126357873588	9.95118293960162	0.478400000000000
37.1000000000000	124.966499565425	9.69732210900546	0.478400000000000
37.1500000000000	124.797444040503	9.44957391911308	0.478400000000000
37.2000000000000	124.621381337411	9.20676987748876	0.478400000000000
37.2500000000000	124.437351663551	8.96984567201585	0.478400000000000
37.3000000000000	124.242915129916	8.74142358368391	0.478400000000000
37.3500000000000	124.042067938451	8.51869966371319	0.478400000000000
37.4000000000000	123.834888800508	8.30176157798536	0.478400000000000
37.4500000000000	123.618010304156	8.09448466701813	0.478400000000000
37.5000000000000	123.394637979142	7.89434602265227	0.478400000000000
37.5500000000000	123.165621982184	7.70066454204979	0.478400000000000
37.6000000000000	122.929425518973	7.51570175993848	0.478400000000000
37.6500000000000	122.686038243555	7.34040226385599	0.478400000000000
37.7000000000000	122.437765354833	7.17215125204284	0.478400000000000
37.7500000000000	122.184537055082	7.01129284161547	0.478400000000000
37.8000000000000	121.923868174846	6.86281020439236	0.478400000000000
37.8500000000000	121.659132392856	6.72188023472165	0.478400000000000
37.9000000000000	121.390434547585	6.58855672930593	0.478400000000000
37.9500000000000	121.116299149108	6.46669704236357	0.478400000000000
38	120.838077676380	6.35467456245881	0.478400000000000
38.0500000000000	120.556770660515	6.25065357372496	0.478400000000000
38.1000000000000	120.271987696385	6.15632084694647	0.478400000000000
38.1500000000000	119.983408108103	6.07447067102547	0.478400000000000
38.2000000000000	119.692657717054	6.00091796607174	0.478400000000000
38.2500000000000	119.399850486208	5.93569264360935	0.478400000000000
38.3000000000000	119.104289348286	5.88427655906105	0.478400000000000
38.3500000000000	118.807366254469	5.84201870067756	0.478400000000000
38.4000000000000	118.509331505385	5.80826449725491	0.478400000000000
38.4500000000000	118.210148454064	5.78613980962655	0.478400000000000
38.5000000000000	117.910392131663	5.77565504634868	0.478400000000000
