需要查看起点、终点的来源
entity_map:xydata:[[ 55.53781574 551.9922077 ]
 [ 55.15331573 551.6746015 ]
 [ 54.85882705 551.27212121]
 [ 54.67247231 550.80953515]
 [ 54.6057196  550.31531047]
 [ 54.66267685 549.81986135]
 [ 54.83983894 549.35367731]]
onPick: p0=[ 55.53781574 551.9922077 ], p1=[ 54.83983894 549.35367731]
start=(55.53781573644033, 551.9922077045898), end=(55.001318463433634, 549.0977435943973), angles=[2.136849599290559, 3.7797898043825198]
start=(55.001318463433634, 549.0977435943973), end=(55.53781573644033, 551.9922077045898), angles=[3.7797898043825198, 2.136849599290559]


entity_map:xydata:[[ 55.53781574 551.9922077 ]
 [ 55.15331573 551.6746015 ]
 [ 54.85882705 551.27212121]
 [ 54.67247231 550.80953515]
 [ 54.6057196  550.31531047]
 [ 54.66267685 549.81986135]
 [ 54.83983894 549.35367731]]
onPick: p0=[ 55.53781574 551.9922077 ], p1=[ 54.83983894 549.35367731]
start=(55.53781573644033, 551.9922077045898), end=(55.001318463433634, 549.0977435943973), angles=[2.136849599290559, 3.7797898043825198]
start=(55.001318463433634, 549.0977435943973), end=(55.53781573644033, 551.9922077045898), angles=[3.7797898043825198, 2.136849599290559]
entity_map: onKeyPress: sp, ep =(array([ 54.83983894, 549.35367731]), array([ 55.53781574, 551.9922077 ]))
entity_map.py:points:
((55.001318463433634, 549.0977435943973), 
(54.756188286702915, 549.5320535705597), 
(54.62550834077367, 550.0133400867537), 
(54.61732056107682, 550.5119851701567), 
(54.73212881678048, 550.9973026161242), 
(54.96286790309948, 551.4394263917605), 
(55.29533832813494, 551.8111485667986))
entity_map.py: getRefLine: length of ref_line=6


entity_map:xydata:[[ 55.53781574 551.9922077 ]
 [ 55.15331573 551.6746015 ]
 [ 54.85882705 551.27212121]
 [ 54.67247231 550.80953515]
 [ 54.6057196  550.31531047]
 [ 54.66267685 549.81986135]
 [ 54.83983894 549.35367731]
 [ 55.12630347 548.94544695]]
onPick: p0=[ 55.53781574 551.9922077 ], p1=[ 55.12630347 548.94544695]
start=(55.53781573644033, 551.9922077045898), end=(55.001318463433634, 549.0977435943973), angles=[2.136849599290559, 3.7797898043825198]
start=(55.001318463433634, 549.0977435943973), end=(55.53781573644033, 551.9922077045898), angles=[3.7797898043825198, 2.136849599290559]
entity_map: onKeyPress: sp, ep =(array([ 55.12630347, 548.94544695]), array([ 55.53781574, 551.9922077 ]))
entity_map.py:points:((55.001318463433634, 549.0977435943973), (54.756188286702915, 549.5320535705597), (54.62550834077367, 550.0133400867537), (54.61732056107682, 550.5119851701567), (54.73212881678048, 550.9973026161242), (54.96286790309948, 551.4394263917605), (55.29533832813494, 551.8111485667986), (55.70908013782265, 552.089593667051))
entity_map.py: getRefLine: length of ref_line=7
entity_map:xydata:[[ 55.53781574 551.9922077 ]
 [ 55.95673509 552.2651468 ]
 [ 56.36932437 552.54756361]
 [ 56.77536921 552.8393114 ]
 [ 57.1746586  553.14023856]
 [ 57.56698508 553.45018872]
 [ 57.95214479 553.76900085]
 [ 58.3299376  554.09650927]
 [ 58.70016721 554.43254381]
 [ 59.06264123 554.77692988]
 [ 59.41717132 555.1294885 ]
 [ 59.76357327 555.49003651]
 [ 60.10166708 555.85838655]
 [ 60.43127708 556.23434721]
 [ 60.75223199 556.61772316]
 [ 61.06436505 557.00831519]
 [ 61.36751406 557.40592033]
 [ 61.66152152 557.81033199]
 [ 61.94623464 558.22134004]
 [ 62.22150549 558.6387309 ]
 [ 62.48719103 559.06228771]
 [ 62.74315322 559.49179036]
 [ 62.98925905 559.9270157 ]
 [ 63.22538065 560.36773757]]
onPick: p0=[ 55.53781574 551.9922077 ], p1=[ 63.22538065 560.36773757]
entity_map: onKeyPress: sp, ep =(array([ 55.53781574, 551.9922077 ]), array([ 63.22538065, 560.36773757]))
entity_map.py:points:((55.53781573592483, 551.9922077041651), (55.95673508825736, 552.2651468013152), (56.36932437318082, 552.5475636146924), (56.775369205204385, 552.8393113977153), (57.1746585994, 553.1402385553376), (57.56698508103218, 553.4501887228192), (57.95214479336399, 553.7690008469743), (58.329937603583005, 554.0965092698563), (58.700167206792315, 554.4325438148353), (59.06264122801251, 554.7769298750239), (59.4171713221416, 555.1294885040044), (59.763573271821045, 555.490036508811), (60.101667083156876, 555.8583865451192), (60.43127707924635, 556.234347214591), (60.75223199146139, 556.617723164328), (61.06436504844149, 557.0083151883788), (61.36751406274973, 557.4059203312477), (61.661521515147015, 557.8103319933527), (61.94623463644062, 558.2213400383774), (62.2215054868646, 558.6387309024589), (62.48719103295073, 559.062287705158), (62.743153221850136, 559.4917903621529), (62.98925905306693, 559.9270156995964), (63.22538064756657, 560.3677375700802))
entity_map.py: getRefLine: length of ref_line=23
请输入参考线地图文件名称,回车默认为:../data/map/shenzhen/shenzhen_ref_line_map.json